ID,Categorie,Nume Produs,Imagine URL,Informatii,Valori Nutritionale,Cantitate,Pret,Alergeni,Imagine Categorie
1,Mic Dejun,Bruschete cu rosii si ardei copti,https://www.burtoni.ro/wp-content/uploads/2020/11/bruschete.jpg,"paine 50.0%, ulei de masline virgin 10.2%, rosii 19.4%, usturoi 8.3%, condimente 2.8%, ardei 9.2%","640.0 kcal/ 2675.2 kj Lipide 42.1g din care acizi grasi saturati 6082.7g, glucide 56.0g din care zaharuri 6.3g, proteine 10.7g, sare 3.3g",200 g,20,Gluten (din paine),https://encrypted-tbn0.gstatic.com/images?q=tbn:ANd9GcRzAxHlfK0TDiazJ8eT2cfjDiQLR9gbh3eNsg&s
2,Mic Dejun,Bruschete cu ton si rosii,https://www.viata-libera.ro/media/k2/items/cache/e46daa880f55b8b80d279416a8b48b4b_XL.jpg,"paine 47.4%, ton 18.4%, rosii 23.7%, usturoi 7.9%, condimente 2.6%","475 kcal/ 1985.5 kj Lipide 26.3 g din care acizi grasi saturati 6146g, glucide 51.3g din care zaharuri 4.8g, proteine 10g, sare 3.2g",200 g,20,Gluten (din paine),
3,Mic Dejun,Bruschete cu rosii si cascava,https://media-cdn2.romaniatv.net/unsafe/1150x647/smart/filters:contrast(5):format(webp):quality(80)/https://romaniatv.net/wp-content/uploads/2014/10/bruschete_mari_0_58853600.jpg,"paine 47.4%, cascaval 18.4%, rosii 23.7%, usturoi 7.9%, condimente 2.6%","600.0 kcal/ 2508.0 kj Lipide 39.9g din care acizi grasi saturati 5762.5g, glucide 51.8g din care zaharuri 5.1g, proteine 9.7g, sare 3.2g",200 g,20,Gluten (din paine),
4,Mic Dejun,Bruschete cu parmezan si patrunjel,https://www.petitchef.ro/imgupl/recipe/bruschete-cu-salata-de-patrunjel--md-324475p527986.jpg,"paine 62.1%, parmezan 22.2%, mix condimente 3.4%, patrunjel 12.3%","329.7 kcal/ 1378.0 kj Lipide 4.0g din care acizi grasi saturati 866.5g, glucide 61.0g din care zaharuri 6.3g, proteine 11.3g, sare 4.1g",200 g,20,Gluten (din paine),
5,Mic Dejun,Omleta simpla,https://restaurantelisium.ro/wp-content/uploads/2021/10/008elisium-1.jpg,"oua 78.5%, mix de condimente 11.9%, ulei 7.9%, ulei 1.7%",": 243 kcal/ 1915.7 kj Lipide 15.9g din care acizi grasi saturati 723.2g, glucide 12.9g din care zaharuri 0.6g, proteine 10.0g, sare 7.2g",150 g,20,,
6,Mic Dejun,Omleta cu slanina si ceapa,https://i0.wp.com/inspiratielafix.com/wp-content/uploads/2021/06/610fc669-a04d-4ebb-8a20-c493d3f95c8f.jpg?resize=768%2C1024&ssl=1,"oua 60.5%, keiser 28.6% (stabilizatori: difosfati, polifosfati; antioxidanti: erithorbat de sodiu, ascorbat de sodiu; corector de aciditate: citrat de sodiu; potentiator de aroma: glutamat monosodic; arome si condimente naturale; proteina vegetala din soia nemodificata genetic; agent de ingrosare: caragenan; antiaglomerant:bioxid de siliciu; conservanti: nitrit de sodiu, acid acetic) , condimente 2.9%, ceapa 8.1%",": 289.0 kcal/ 1208.1 kj Lipide 19.9g din care acizi grasi saturati 3858.2g, glucide 1.2g din care zaharuri 0.4g, proteine 24.1g, sare 4.4g",200 g,20,,
7,Mic Dejun,Omleta cu ciuperci si cascaval,https://www.e-retete.ro/files/recipes/omleta-cu-ciuperci-si-cascaval.jpg,"oua 61.5%, ciuperci 21%, ca?caval 13%, condimente 2%, ulei 2.5%","182.9 kcal/ 764.3 kj Lipide 11.0g din care acizi grasi saturati 3579.4g, glucide 17.1g din care zaharuri 2.7g, proteine 15.0g, sare 2.4g",200 g,20,,
8,Mic Dejun,"Omleta cu sunca, cascaval si ciuperci",https://encrypted-tbn0.gstatic.com/images?q=tbn:ANd9GcRzAxHlfK0TDiazJ8eT2cfjDiQLR9gbh3eNsg&s,"ou? 46.6%, condimente 2.9%, ?unc? 19.4%, ca?caval 19.4%, ciuperci 11.7%","326.5 kcal/ 1364.7 kj Lipide 28.2g din care acizi grasi saturati 5101g, glucide 4.8g din care zaharuri 1.1g, proteine 39.4g, sare 5.2g",250 g,20,,
9,Mic Dejun,Omleta cu brocoli si cascaval,https://www.iretete.ro/wp-content/uploads/2013/10/Omleta-cu-brocoli.jpg,"oua 61.5%, brocoli 21%, ca?caval 13%, condimente 2%, ulei 2.5%","195.4 kcal/ 816.7 kj Lipide 12.0g din care acizi grasi saturati 3329.4g, glucide 19.4g din care zaharuri 2.7g, proteine 15.0g, sare 2.4g",250 g,20,,
10,Mic Dejun,Ochiuri cu bacon prajit si rosii proaspete,https://cdn-content-prod.freshful.ro/prod/Oua_ochiuri_cu_bacon_720_x_360_41495cc8d5.jpg,"oua 56.4%, bacon 17.5% (stabilizatori: difosfati, polifosfati; antioxidanti: erithorbat de sodiu, ascorbat de sodiu; corector de aciditate: citrat de sodiu; potentiator de aroma: glutamat monosodic; arome si condimente naturale; proteina vegetala din soia nemodificata genetic; agent de ingrosare: caragenan; antiaglomerant:bioxid de siliciu; conservanti: nitrit de sodiu, acid acetic) , condimente 2.7%, rosii 21%, ulei 2.5%","289.0 kcal/ 1208.1 kj Lipide 19.9g din care acizi grasi saturati 3858.2g, glucide 1.2g din care zaharuri 0.4g, proteine 24.1g, sare 4.4g",250 g,20,,
11,Salate,"Salata ""Capricii""",https://www.printesaurbana.ro/wp-content/uploads/2022/09/salata-branza-de-capra-nuci-mar-printesa-urbana.jpg,"salata verde 22.5%, rucola 8.4% , rosii uscate 16.9%, miez de nuca 14.3%, telemea 22.5%, morcov 7.3%, rosii cherry 8.2%","532.1 kcal/ 2224.3 kj Lipide 30.6g din care acizi grasi saturati 12778.5g, glucide 10g din care zaharuri 3.4g, proteine 52.7g",500 g,,"Nuci (fructe cu coaja lemnoasa), Lapte si produse lactate (inclusiv lactoza)",https://www.trattoriaprestij.ro/uploads/produse/1440/7--salata-de-ton-250gr.jpg
12,Salate,"Salata ""Castel""",https://www.kastelyvendeglo.ro/images/menu4/grillezett_csirkesalata.jpg,"salata verde 22.8%, ardei 8.3% , rosii 13.9%, sunca 17.9% (stabilizatori: tri-polifosfati de sodiu; agent de ingrosare: caragenan; corector de aciditate: citrat de sodiu; potentiator de aroma: glutamat monosodic; antioxidant: izoascorbat de sodiu; amidon; conservant: nitrit de sodiu), cascaval 13.8%, ou 7.7%, masline 8%, castraveti 9.6%","491.4 kcal/ 2054.2 kj Lipide 31.1g din care acizi grasi saturati 15634.1g , glucide 13.3g din care zaharuri 3.6g, proteine 39.3g",450 g,,"Lapte si produse lactate (inclusiv lactoza), Oua si produse derivate",
13,Salate,"Salata ""Mediteraneana""",https://www.retetepractice.ro/retete/salata-mediteraneana/salata-mediteraneana-2,"salata verde 26.1%, rosii 19.6%, hummus 10.1%, castraveti 8.5%, telemea 13.1%, masline 13.1%, ardei copti 9.5%","303.1 kcal/ 1266.8 kj Lipide 13.9g din care acizi grasi saturati 2842.2g, glucide 15.6g din care zaharuri 3.9g, proteine 29.9g, sare 0.0g",500 g,,Lapte si produse lactate (inclusiv lactoza),
14,Salate,"Salata ""Oceanica""",https://assets.protv.ro/assets/foodstory2019/2015/04/23/image_galleries/5859/salata-de-rucola-cu-somon-afumat-si-avocado_size1.jpg,"salata verde 26.1%, rucola 19.6%, somon afumat 19.6%, ou 8.5%, telemea 13.1%, masline 13.1%",": 303.1 kcal/ 1266.8 kj Lipide 13.9g din care acizi grasi saturati 2842.2g, glucide 15.6g din care zaharuri 3.9g, proteine 29.9g, sare 0.0g",500 g,,Lapte si produse lactate (inclusiv lactoza),
15,Salate,"Salata"" Caesar""",https://www.gustoase.net/wp-content/uploads/2022/01/0001.jpg,"salata verde 33.3%, creveti 18.2%, crutoane 18.2%, parmezan 18.2%","323.3 kcal/ 1351.3 kj Lipide 22.8g din care acizi grasi saturati 764.2g, glucide 18.2g din care zaharuri 2.0g, proteine 15.1g, sare 1.7g",500 g,,"Crustacee si produse derivate, Gluten, Lapte si produse lactate (inclusiv lactoza)",
16,Salate,"Salata ""Romana""",https://www.trattoriaprestij.ro/uploads/produse/1440/7--salata-de-ton-250gr.jpg,"salata verde 30.1%, porumb 13.2%, ton 20%, morcov 14%, ou 8.2%, ceapa 6.1%, rosii8.5%","235.6 kcal/ 985 kj Lipide 4.2g din care acizi grasi saturati 947g, glucide 21.2g din care zaharuri 6.8g, proteine 29.8g",500 g,,"Peste si produse derivate, Oua si produse derivate",
17,Salate,Salata cu Ficatei,https://www.masainfamilie.ro/wp-content/uploads/2022/07/salata-verde-cu-mozzarella.jpg,"salata verde 26.1%, ardei 13.1%, rosii 19.6%, ficatei 19.6%, mozzarella 13.1%, ou 8.5%","234.2 kcal/ 979.2 kj Lipide 9.8g din care acizi grasi saturati 1910.2g, glucide 30.4g din care zaharuri 3g, proteine 9.8g",500 g,,"Lapte si produse lactate (inclusiv lactoza), Oua si produse derivate",
18,Salate,Salata cu Pui,https://media.dcnews.ro/image/202405/w1200/salata-cu-piept-de-pui--reteta-fresh-dupa-ospatul-de-pasti_35799700.jpg,"salata verde 22.5%, ardei 8.4% , rosii 16.9%, piept de pui 22.5%, mozzarella 22.5%, masline 7.3%","532.1 kcal/ 2224.3 kj Lipide 30.6g din care acizi grasi saturati 12778.5g, glucide 10g din care zaharuri 3.4g, proteine 52.7g",500 g,,Lapte si produse lactate (inclusiv lactoza),
19,Salate,Salata cu Peste,https://www.masainfamilie.ro/wp-content/uploads/2022/07/salata-verde-mozzarella-819x1024.jpg,"salata verde 27.6%, rosii 16.7%, ceapa 12.7%, ardei 10.3%, file merluciu 20.7%, mozzarella 12%","165 kcal/ 689.6 kj Lipide 1.6g din care acizi grasi saturati 35.1g, glucide 17.2g din care zaharuri 2.6g, proteine 21.4g",500 g,,"Peste si produse derivate, Lapte si produse lactate (inclusiv lactoza)",
20,Salate,Salata de Post,https://i.ytimg.com/vi/JjGQiw_3ghg/hq720.jpg?sqp=-oaymwEhCK4FEIIDSFryq4qpAxMIARUAAAAAGAElAADIQj0AgKJD&rs=AOn4CLBCgRAsevr_L-Yv0jOOKWvw6GPQHQ,"salata verde 25.1%, rosii 19.4%, porumb 9.7%, ardei 12.9%, masline 12.9%, castraveti 10.4%, morcov 9.7%","188.2 kcal/ 786.5 kj Lipide 7.4g din care acizi grasi saturati 911.6g, glucide 29.4g din care zaharuri 4.9g, proteine 5.6g, sare 0.0g",500 g,,Lipsa Alergeni,
21,Salate,Salata de varza,https://www.sabatinipizza.ro/upload/shop/products/salata_de_varza_alba.jpg,"varza 93.0%, mix de condimente 7.0%","46.5 kcal/ 194.4 kj Lipide 0.2g din care acizi grasi saturati 63.3g, glucide 10.8g din care zaharuri 6.0g, proteine 2.4g, sare 7.6g",150 g,,Lipsa Alergeni,
22,Salate,Salata de varza cu rosii,https://savoriurbane.com/wp-content/uploads/2018/02/cea-mai-simpla-reteta-de-salata-de-varza-cu-marar-si-rosii.jpg,"rosii 35.4%, mix de condimente 3.1%, ceapa 25.5%, varza 36%","44.9 kcal/ 187.7 kj Lipide 0.4g din care acizi grasi saturati 0.2g, glucide 6.6g din care zaharuri 0.0g, proteine 2.0g, sare 3.3g",150 g,,Lipsa Alergeni,
23,Salate,Salata de rosii,https://i.ytimg.com/vi/XmNwGvy8pQo/hq720.jpg,"rosii 52.0%, ceapa 41%, mix de condimente 7.0%","31.6 kcal/ 132.2 kj Lipide 0.4g din care acizi grasi saturati 0.0g, glucide 6.6g din care zaharuri 4.9g, proteine 1.9g, sare 6.5g",150 g,,Lipsa Alergeni,
24,Salate,Salata de muraturi asortate,https://www.lapovesti.ro/wp-content/uploads/2021/12/Salata-de-muratur.jpeg,_,"708.3 kcal/ 2960.6 kj Lipide 0.8g din care acizi grasi saturati 100.5g, glucide 65.1g din care zaharuri 54.2g, proteine 0.7g, sare 6.5g",200 g,,Lipsa Alergeni,
25,Salate,Salata mixta,https://mediacdn.libertatea.ro/unsafe/870x0/smart/filters:format(webp):contrast(8):quality(75)/https://static4.libertatea.ro/wp-content/uploads/2021/03/salata-verde-cu-ridichi.jpg,"rosii 28.1%, castraveti 24.1%, ceapa 23.3%, mix condiemente 3.1%, ridichi 11.4%","31.8 kcal/ 132.9 kj Lipide 0.4g din care acizi grasi saturati 0.0g, glucide 6.8g din care zaharuri 4.4g, proteine 1.8g, sare 3.2g",300 g,,Lipsa Alergeni,
26,Ciorbe,Ciorba de Burta,https://thumbor.unica.ro/unsafe/1200x800/smart/filters:format(webp):contrast(8):quality(75)/https://retete.unica.ro/wp-content/uploads/2017/11/ciorba-de-burta-cu-smantana-e1515166773549.jpg,"smantana 14.9%, burta de vita 44.7%, usturoi 1.5%, otet 3.7%, pastarnac 7.5%, telina 6%, galbenusuri 3%, morcov 8.9%, ceapa 7.5%, condimente 2.2%","482.8 kcal/ 2018.1 kj Lipide 26.3g din care acizi grasi saturati 8998.4g, glucide 282.5g din care zaharuri 7.5g, proteine 25.1g, sare 6.4g",320ml + 80 g,,"Lapte si produse lactate (inclusiv lactoza), Telina si produse derivate, Oua si produse derivate",https://depozitulderetete.ro/wp-content/uploads/2016/12/ciorba-radauteana-2.jpg
27,Ciorbe,Ciorba Radauteana,https://depozitulderetete.ro/wp-content/uploads/2016/12/ciorba-radauteana-2.jpg,"smantana 14.9%, piept de pui 44.7%, usturoi 1.5%, otet 3.7%, pastarnac 7.5%, telina 6%, galbenusuri 3%, morcov 8.9%, ceapa 7.5%, condimente 2.2%","650.8 kcal/ 2720.3kj Lipide 31.7g din care acizi grasi saturati 11823.6g, glucide 18.7g din care zaharuri 8.5g, proteine 42.3g, sare 6.2g",320ml + 80 g,,"Lapte si produse lactate (inclusiv lactoza), Telina si produse derivate, Oua si produse derivate",
28,Ciorbe,Ciorba de Vacuta,https://www.lauralaurentiu.ro/wp-content/uploads/2009/09/ciorba-de-vacuta-reteta-pas-cu-pas-ciorba-de-vacuta-reteta-laura-laurentiu.jpg,"morcov 12.5%, carne de vita 25.0%, patrunjel radacina 8.9%, pastarnac 5.4%, telina 7.1%, ceapa 5.4%, cartofi 10.7%, mazare 5.4%, pastai fasole verde 5.4%, suc rosii 10.7%, ulei 0.9%, Mix condimente 2.7%","470.6 kcal/ 1967.1 kj Lipide 13.8g din care acizi grasi saturati 394.9g, glucide 27g din care zaharuri8g, proteine 25.4g, sare 7.1g",320ml + 80 g,,Telina si produse derivate,
29,Ciorbe,Ciorba de Legume,https://img.spynews.ro/?u=https%3A%2F%2Fspynews.ro%2Fuploads%2Fmodules%2Fnews%2F0%2F2021%2F2%2F4%2F246975%2Fciorbadelegume.jpg&w=1200,"cartof 12.9%, ardel gras 6.5%, pastarnac 6.5%, telina 4.3%, rosii tocate 15.1%, dovlecel 6.5%, morcov 10.8%, ceapa 10.8%, bors 17.2% , ulei 5.4%, patrunjel 0.9%, condimente 3.2%","350 kcal/ 1463 kj Lipide 23.2g din care acizi grasi saturati 2029.6g, glucide 28.4g din care zaharuri 9.1g, proteine 4.6g, sare 8.6g",420ml,,Telina si produse derivate,
30,Fast Food,Crispy (picante sau nepicante),https://life-protecta.com/wp-content/uploads/2021/09/crispy-David-4-scaled.jpg,"piept crispy 42.6%, cartofi pai 31.9%, varza 21.3%, maioneza 4.3%","963.4 kcal/ 4027 kj Lipide 56.1 g din care acizi grasi saturati 9034.2g, glucide 73.7g din care zaharuri 4.4g, proteine 41.7g, sare 6.7g",300 g,,"Oua si produse derivate, Gluten (din paine)",https://ggm.bynder.com/m/2890a6f191fe110d/JPG-detail_kebab_1.jpg
31,Fast Food,Kebab de Pui (la lipie sau farfurie),https://ggm.bynder.com/m/2890a6f191fe110d/JPG-detail_kebab_1.jpg,"carne de pui 12.5%, salata verde 13.3%, rosii 6.9%, ceapa 6.9%, sos 3.3%, focaccia 38.4%, castraveti 7.1%, cartofi 12.5%","728 kcal/ 3043.2 kj Lipide 36.2g din care acizi grasi saturati 1289g, glucide 60.4g din care zaharuri 6.4g, proteine 62g, sare 3.8g",300 g,,"Gluten (din paine), Lapte si produse lactate (inclusiv lactoza)",
32,Fast Food,Shaorma de Pui (la lipie sau farfurie),https://i0.wp.com/pronto.pizzabacau.ro/wp-content/uploads/2021/03/shaora-de-beach-body-1111x670px.jpg?fit=1111%2C670&ssl=1,"carne de pui 26.7%, varza 13.3%, cartofi prajiti 26.7%, sos 1.3%, ceapa 5.3%, focaccia 20.5%, castraveti 6.2%","756 kcal/ 3160.1 kj Lipide 54.6g din care acizi grasi saturati 3026.5g, glucide 77.9g din care zaharuri 4.8g, proteine 58.4g, sare 4.6g",300 g,,"Gluten (din paine), Lapte si produse lactate (inclusiv lactoza)",
33,Fast Food,Sandvis Classic,https://thumbor.unica.ro/unsafe/480x300/smart/filters:format(webp):contrast(8):quality(75)/https://www.viva.ro/wp-content/uploads/2021/06/sandwich-club.jpg,"paine 36.7%, sunca 20.4% (stabilizatori: tri-polifosfati de sodiu; agent de ingrosare: caragenan; corector de aciditate: citrat de sodiu; potentiator de aroma: glutamat monosodic; antioxidant: izoascorbat de sodiu; amidon; conservant: nitrit de sodiu), cascaval 20.4%, salata verde 14.3%, rosii 8.2%","471.3 kcal/ 1969.9 kj Lipide 17.7g din care acizi grasi saturati 1975.0g, glucide 49.5g din care zaharuri 7.1g, proteine 27.0g, sare 1.8g",250 g,,"Gluten (din paine), Lapte si produse lactate (inclusiv lactoza), Soia si produse derivate",
34,Fast Food,Sandvis Capricii,https://secure.breezepos.net/image/MTA5MjUxMTE3XzUxNF80NjFfMV8xMF8wX18/109251117_1.jpg,"lipie 35.3%, piept de pui 23.5%, cascaval 19.6%, rosii 13.7%, salata verde 7.8%","632.4 kcal/ 2643.2 kj Lipide 36.3g din care acizi grasi saturati 628.0g, glucide 47.4g din care zaharuri 7.3g, proteine 28.0g, sare 2.5g",250 g,,"Gluten (din paine), Lapte si produse lactate (inclusiv lactoza)",
35,Preparate din carne de pui,Ciulama de pui cu ciuperci,https://i0.wp.com/paginidebucate.ro/wp-content/uploads/2019/10/ciulama-de-pui-cu-ciuperci-si-smantana.jpg?fit=1000%2C746&ssl=1,"piept de pui la gratar 51.3%, mix de condiment 3.8%, ciuperci 12.8%, usturoi 6.4%, smantana 25.6%","586 kcal/ 2449.6 kj Lipide 31.8g din care acizi grasi saturati 16017.6g, glucide 15.7g din care zaharuri 7.3g, proteine 58.1g, sare 7.4g",220 g,,Lapte si produse lactate (inclusiv lactoza),https://retetefeldefel.ro/wp-content/uploads/2021/01/snitele-de-pui-in-trei-variante-sectionate-pe-tocator-1024x683.jpg
36,Preparate din carne de pui,Piept de pui pane,https://retetefeldefel.ro/wp-content/uploads/2021/01/snitele-de-pui-in-trei-variante-sectionate-pe-tocator-1024x683.jpg,"carne de pui 51.7%, mix de condimente 5.2%, pesmet 25.9%, ou 17.2%","238.6 kcal/ 997.4 kj Lipide 12.2g din care acizi grasi saturati 1.6g, glucide 8.7g din care zaharuri 0g, proteine 22.7g, sare 5.7g",200 g,,"Oua si produse derivate, Gluten (din paine)",
37,Preparate din carne de pui,Pilaf cu piept de pui,https://foodnation.ro/cdn/shop/products/pilaf-cu-piept-pui-889872.jpg?v=1657722005,"pui 24.1%, mix condimente 3.6%, orez 36.1%, ceapa 12.0%, morcov 12.0%, ciuperci 12.0%","742.2 kcal/ 3102.3 kj Lipide 25.0g din care acizi grasi saturati 2159.2g, glucide 66.3g din care zaharuri 6.4g, proteine 58.5g, sare 5.9g",250 g,,Gluten (din paine),
38,Preparate din carne de pui,Pulpa de pui la cuptor,https://lases.ro/image/cache/data/01%20PRODUSE%20NOI/Pulpa%20cool-800x800.jpg,"pulpa dezosata 93.0%, mix de condimente 7.0%","852.1 kcal/ 3561.7 kj Lipide 27.5g din care acizi grasi saturati 7601.9g, glucide 0.0g din care zaharuri 0g, proteine 42.1g, sare 8.7g",180 g,,Lipsa Alergeni,
39,Preparate din carne de pui,Pulpa de pui cu smantana si mamaliguta,https://api.retete.transavia.ro/file/retete/112__CiulamaDePui03.jpg,"pulpa pui 48.5%, mix de condimente 4.8%, smantana 24.4%, mamaliga 21.3%","740 kcal/ 3093.2 kj Lipide 54.6g din care acizi grasi saturati 28847.8g, glucide 7.3g din care zaharuri 7.3g, proteine 53.0g, sare 10.3g",250 g,,Lapte si produse lactate (inclusiv lactoza),
40,Preparate din carne de pui,Piept de pui cu cascaval la cuptor,https://retete.md/wp-content/uploads/2024/07/2391.jpg,"piept de pui la gratar 63.5%, mix de condimente 4.8%, cascaval 31.7%","310.5 kcal/ 1297.8 kj Lipide 13.4g din care acizi grasi saturati 5.1g, glucide 5.3g din care zaharuri 3.4g, proteine 38.9g, sare 5.3g",220 g,,Lapte si produse lactate (inclusiv lactoza),
41,Preparate din carne de porc,Tochitura moldoveneasca,https://i.ytimg.com/vi/Pjjhjld18us/maxresdefault.jpg,"piept de pui la gratar 63.5%, mix de condimente 4.8%, cascaval 31.7%","310.5 kcal/ 1297.8 kj Lipide 13.4g din care acizi grasi saturati 5.1g, glucide 5.3g din care zaharuri 3.4g, proteine 38.9g, sare 5.3g",300 g,,Lapte si produse lactate (inclusiv lactoza),https://cdn.temananc.ro/tm/f/864x514/b8egaxte/yvw9tvt.jpg
42,Preparate din carne de porc,Creier pane,https://coltu-berarilor.ro/wp-content/uploads/2024/09/sectiune-creier-de-porc-pane.jpg,"creier 47.6%, mix condiment 4.8%, pesmet 31.7%, ou 15.9%","189.3 kcal/ 791.3 kj Lipide 22.2g din care acizi grasi saturati 0.1g, glucide 3.8g din care zaharuri 0g, proteine 12.3g, sare 2.6g",250 g,,"Oua si produse derivate, Gluten (din paine)",
43,Preparate din carne de porc,Ciulama de porc cu smantana,https://cdn.temananc.ro/tm/f/864x514/b8egaxte/yvw9tvt.jpg,"carne de porc 43.2%, mix de condiment 3%, ciuperci 11.8%, usturoi 6.4%, smantana 17.4%, ulei 2.5%, verdeata 1.8%, ardei 8.1%, ceapa 5.7%","586 kcal/ 2449.6 kj Lipide 31.8g din care acizi grasi saturati 16017.6g, glucide 15.7g din care zaharuri 7.3g, proteine 58.1g, sare 7.4g",300 g,,Lapte si produse lactate (inclusiv lactoza),
44,Preparate din carne de porc,Snitel pane,https://www.profi.ro/wp-content/uploads/2023/11/Snitel-din-piept-de-pui-pane.jpg,"pesmet 37.5%, carne de porc 50%, ou 12.5%",": 556 kcal/ 2324.1 kj Lipide 39.4g din care acizi grasi saturati 9.6g, glucide 10.4g din care zaharuri 0g, proteine 35.8g, sare 4.6g",250 g,,"Oua si produse derivate, Gluten (din paine)",
45,Preparate din carne de porc,Crochete din cotlet de porc,https://img-global.cpcdn.com/recipes/6f1c4808e5fd3041/680x482cq70/crochete-din-carne-de-porc-fotografie-re%C8%9Beta.jpg,"cotlet porc 60.1%, mix condiment 3.6%, pesmet 36.1%","717.7 kcal/ 3000 kj Lipide 19.6g din care acizi grasi saturati 2157.6g, glucide 66.3g din care zaharuri 6.4g, proteine 65.8g, sare 5.9g",250 g,,"Gluten (din paine), Lapte si produse lactate (inclusiv lactoza)",
46,Preparate din carne de porc,Cotlet cu cascaval la cuptor,https://www.bucataras.ro/uploads/modules/news/85559/cotlet-cu-rosii-si-cascaval-la-cuptor-514896.jpg,"cotlet porc 64.1%, mix condiment 3.8%, cascaval 25.6%, usturoi 6.4%","396.7 kcal/ 1658.1 kj Lipide 19.1g din care acizi grasi saturati 16021.9g, glucide 18.7g din care zaharuri 0.4g, proteine 39.6g, sare 6.3g",250 g,,Lapte si produse lactate (inclusiv lactoza),
47,Preparate la grill,Piept de pui la gratar,https://www.profi.ro/wp-content/uploads/2022/11/piept-de-pui-la-gratar-cu-salata.jpg,"piept de pui la gratar 93.0%, mix de condiment 7.0%","366.5 kcal/ 1532 kj Lipide 14.5g din care acizi grasi saturati 4.1g, glucide 0g din care zaharuri 0g, proteine 55.4g, sare 6.5g",200 g,,Lipsa Alergeni,https://www.profi.ro/wp-content/uploads/2022/11/piept-de-pui-la-gratar-cu-salata.jpg
48,Preparate la grill,Ficatei de pui la gratar,https://moaradefoc.ro/livrari-domiciliu/wp-content/uploads/2020/11/ficatei-la-gratar.jpg,"ficat de pui 93%, mix condiment 7%","690.7 kcal/ 2887.1 kj Lipide 18.4g din care acizi grasi saturati 5.9g, glucide 0g din care zaharuri 0g, proteine 109g, sare 9.8g",250 g,,Lipsa Alergeni,
49,Preparate la grill,Pulpe de pui dezosate la gratar,https://www.cuptorulculemne.com/public/photos/cache/600x374-Pulpe_de_pui_la_gratar.jpg,"pulpa pui 93.0%, mix de condimente 7.0%",": 745.6 kcal/ 3116.5 kj Lipide 48.2g din care acizi grasi saturati 13303.3g, glucide 0.0g din care zaharuri 0g, proteine 73.7g, sare 15.1g",200 g,,Lipsa Alergeni,
50,Preparate la grill,Frigarui de pui (cu ciuperci si rosii cherry),https://puiul-vegetarian.ro/wp-content/uploads/2020/09/Frigarui-de-pui-cu-arome-de-vara.jpg,"pulpa pui 93.0%, mix de condimente 7.0%","745.6 kcal/ 3116.5 kj Lipide 48.2g din care acizi grasi saturati 13303.3g, glucide 0.0g din care zaharuri 0g, proteine 73.7g, sare 15.1g",200 g,,Lipsa Alergeni,
51,Preparate la grill,Frigarui de pui (cu ciuperci si rosii cherry),https://cdn.hellotaste.ro/wp-content/uploads/2023/01/legume-si-carne-de-pui-540x313.jpg,"carne de pui 60.6.4%, mix condiment 3%, rosii 20.2%, ciuperci 16.2%","188.1 kcal/ 786.2 kj Lipide 1.9g din care acizi grasi saturati 56.4g, glucide 13.7g din care zaharuri 6.9g, proteine 30.1g, sare 5.4g",200 g,,Lipsa Alergeni,
52,Preparate la grill,Cotlet de porc la gratar,https://pizzacolosseum.ro/wp-content/uploads/2019/01/cotlet-de-porc-la-gratar-180-g.jpg,"cotlet porc 93%, mix condiment 7%","156.3 kcal/ 653.2 kj Lipide 1.3g din care acizi grasi saturati 0.3g, glucide 0g din care zaharuri 0g, proteine 35.7g, sare 6.5g",200 g,,Lipsa Alergeni,
53,Preparate la grill,Ceafa de porc la gratar,https://pizzacolosseum.ro/wp-content/uploads/2019/01/ceafa-de-porc-la-gratar-180-gr..jpg,"ceafa 93%, mix condimente7%","627.9 kcal/ 2624.7 kj Lipide 39.9g din care acizi grasi saturati 14.5g, glucide 0g din care zaharuri 0g, proteine 67.5g, sare 9.8g",200 g,,Lipsa Alergeni,
54,Preparate la grill,Ficat de porc la gratar,https://lacristi.ro/wp-content/uploads/2019/04/ficat-porc.jpg,"ficat de porc 93%, mix condiment 7%","690.7 kcal/ 2887.1 kj Lipide 18.4g din care acizi grasi saturati 5.9g, glucide 0g din care zaharuri 0g, proteine 109g, sare 9.8g",200 g,,Lipsa Alergeni,
55,Preparate la grill,Frigarui de porc la gratar,https://www.retetepractice.ro/retete/frigarui-de-porc/frigarui-de-porc,"carne de porc 46.5%, mix condiment 3%, rosii 20.2%, ciuperci 10.1%, ardei 10.1%, ceapa 10.1%","188.1 kcal/ 786.2 kj Lipide 1.9g din care acizi grasi saturati 56.4g, glucide 13.7g din care zaharuri 6.9g, proteine 30.1g, sare 5.4g",200 g,,Lipsa Alergeni,
56,Preparate la grill,Vrabioara de vita la gratar,https://premiumangus.ro/blog/wp-content/uploads/2022/11/grilled-beef-steak-slice-close-up-on-fork-PUEGF7Ba.jpg,"vrabioara de vita 93%, mix condiment 7%","156.3 kcal/ 653.2 kj Lipide 1.3g din care acizi grasi saturati 0.3g, glucide 0g din care zaharuri 0g, proteine 35.7g, sare 6.5g",200 g,,Lipsa Alergeni,
57,Preparate la grill,Antricot de vita la gratar,https://lchf.ro/wp-content/uploads/2017/06/antricot_vita-la-gratar.jpg,"antricot la gratar 93.0%, mix de condimente 7.0%","756.3 kcal/ 3161.2 kj Lipide 53.0g din care acizi grasi saturati 23561.9g, glucide 0.0g din care zaharuri 0.0g, proteine 69.3g, sare 11.4g",200 g,,Lipsa Alergeni,
58,Preparate la grill,Mici,https://www.kitchenshop.ro/images/uploaded/KitchenShop/articole/cum-sa-prepari-cei-mai-deliciosi-mici-la-gratar/mici-la-gratar.jpg,"carne mix porc vita 70.9%, mix de condimente 3.5%, supa oase 24.8%, bicarbonat 0.7%","108 kcal/ 451.4 kj Lipide 8.3g din care acizi grasi saturati 3.4g, glucide 0.4g din care zaharuri 0.3g, proteine 7.3g, sare 6.1g",40 g,,Lipsa Alergeni,
59,Peste,Salau pane,https://conciato.ro/wp-content/uploads/2021/02/salau-pane-1.jpg,"salau 63.5%, mix condiment 7%, ou 12.7%, pesmet 16.8%","234.4 kcal/ 979.9 kj Lipide 5.6g din care acizi grasi saturati 1229.9g, glucide 40.8g din care zaharuri 0.3g, proteine 47.5g, sare 9.8g",250 g,,"Oua si produse derivate, Gluten (din paine), Peste si produse derivate",https://www.culinar.ro/uploads/modules/news/0/2015/9/23/25092/fdb_1443013772_lead_25094.jpg
60,Peste,Salau la gratar,https://restaurantdiesel.ro/wp-content/uploads/2021/07/file-salau-la-gratar.jpg,"salau 93%, mix condiment 7%","234.4 kcal/ 979.9 kj Lipide 2g din care acizi grasi saturati 0.4g, glucide 0g din care zaharuri 0g, proteine 53.6g, sare 9.8g",250 g,,Peste si produse derivate,
61,Peste,Pastrav la gratar,https://www.lauralaurentiu.ro/wp-content/uploads/2018/04/pastrav-la-gratar-reteta-pas-cu-pas-reteta-pastrav-la-gratar-laura-laurentiu.jpg,"pastrav 93%, mix condiment 7%","353.5 kcal/ 1477.6 kj Lipide 15.7g din care acizi grasi saturati 2742.3, glucide 0g din care zaharuri 0g, proteine 49.6g, sare 6.5g",300 g,,Peste si produse derivate,
62,Peste,Pastrav cu smantana si mamaliguta,https://www.culinar.ro/uploads/modules/news/0/2015/9/23/25092/fdb_1443013772_lead_25094.jpg,"pastrav 57.8%, sos smantana 19.9%, mix condiment 7.0%, mamaliga 15.4%","361.9 kcal/ 1512.6 kj Lipide 20.9g din care acizi grasi saturati 10331.2g, glucide 10.6g din care zaharuri 3.1g, proteine 38.2g, sare 6.5g",350 g,,"Peste si produse derivate, Lapte si produse lactate (inclusiv lactoza)",
63,Peste,Biban la gratar,https://oceanfish.ro/wp-content/uploads/2023/01/dreamstime_xl_110208488.jpg,"biban 93%, mix condiment 7%","230.7 346.0kcal/ 1446.5kj Lipide 7.1g din care acizi grasi saturati 1827.9g, glucide 0g din care zaharuri 0g, proteine 66g, sare 6.3g",300 g,,Peste si produse derivate,
64,Peste,Dorada la gratar,https://www.profi.ro/wp-content/uploads/2022/11/piept-de-pui-la-gratar-cu-salata.jpg,"dorada regala 93%, mix condiment 7%","248.4 kcal/ 1038.2 kj Lipide 2.5g din care acizi grasi saturati 26.5g, glucide 0g din care zaharuri 0g, proteine 52.7g, sare 9.8g",300 g,,Peste si produse derivate,
65,Peste,Somon la gratar,https://oceanfish.ro/wp-content/uploads/2022/11/grilled-salmon-fish-fillet-2021-08-26-15-48-26-utc-1-1.jpg,"somon 93%, mix condiment 7%","383.3 kcal/ 1602.0kj Lipide 23g din care acizi grasi saturati 4658.6g, glucide 0g din care zaharuri 0g, proteine 41.1g, sare 6.5g",250 g,,Peste si produse derivate,
66,Peste,Merluciu pane,https://buno-gourmet.ro/wp-content/uploads/2020/10/File-peste-Merluciu-Hake-pane-rumenit-auriu-in-tigaie-scaled.jpeg,"merluciu 63.5%, mix condiment 7%, ou 12.7%, pesmet 16.8%","446 kcal/ 1864.3 kj Lipide 6.5g din care acizi grasi saturati 1230.4g, glucide 40.8g din care zaharuri 0.3g, proteine 51.8g, sare 9.8g",250 g,,"Oua si produse derivate, Gluten (din paine), Peste si produse derivate",
67,Peste,Fritto misto,https://www.expresschef.ro/wp-content/uploads/2024/03/Fritto-misto.jpg,"calamari 23.3%, scoici 23.3%, creveti 23.3%, caracatita 23.3%, mix condiment 7%","465.1 kcal/ 1944.2 kj Lipide 22.6g din care acizi grasi saturati 0g, glucide 7g din care zaharuri 8.1g, proteine 36.9g, sare 8.1g",250 g,,"Crustacee si produse derivate, Moluste si produse derivate",
68,Peste,Fritto misto (calamari si creveti prajiti),https://simply-delicious-food.com/wp-content/uploads/2023/06/Fritto-Misto3.jpg,"calamari 23.3%, scoici 23.3%, creveti 23.3%, caracatita 23.3%, mix condiment 7%","465.1 kcal/ 1944.2 kj Lipide 22.6g din care acizi grasi saturati 0g, glucide 7g din care zaharuri 8.1g, proteine 36.9g, sare 8.1g",250 g,,"Crustacee si produse derivate, Moluste si produse derivate",
69,Peste,Frigarui din creveti,https://www.fuchs.ro/wp-content/uploads/2019/09/Reteta-Frigarui-de-creveti-marinati-la-gratar.jpg,"creveti 53.3%, usturoi 9.3%, pesmet 24.0%, condimente 13.3%","368 kcal/ 1538.4 kj Lipide 3.7g din care acizi grasi saturati 1058.9g, glucide 18.5g din care zaharuri 2.6g, proteine 47.7g, sare 3g",300 g,,Peste si produse derivate,
70,Garnituri,Cartofi gratinati,https://nora-delivery.ro/cdn/shop/files/cartofi-gratinati.jpg?v=1708551217,"cartofi71.5%, mix de condimente 7%, cascaval 21.5%",": 378.8 kcal/ 1583.4 kj Lipide 16.2g din care acizi grasi saturati 12.5g, glucide 37.7g din care zaharuri 0.0g, proteine 18.4g, sare 6.8g",200 g,,Lapte si produse lactate (inclusiv lactoza),https://retete.unica.ro/wp-content/uploads/2016/07/42659372_lfd-e1468338968250.jpg
71,Garnituri,Cartofi prajiti,https://panitos.ro/wp-content/uploads/2023/04/DSC01386-scaled.jpg,"cartofi93%, mix condimente7%","290.2 kcal/ 1213.2 kj Lipide 13.7g din care acizi grasi saturati 2.1g, glucide 38.5g din care zaharuri 0.3g, proteine 3.2g, sare 7.6g",200 g,,Lipsa Alergeni,
72,Garnituri,Cartofi la cuptor,https://retete.unica.ro/wp-content/uploads/2016/07/42659372_lfd-e1468338968250.jpg,"cartofi93%, mix de condimente 7%","189.8 kcal/ 793.2 kj Lipide 3.7g din care acizi grasi saturati 0.0g, glucide 37.2g din care zaharuri 0.0g, proteine 1.9g, sare 6.8g",200 g,,Lipsa Alergeni,
73,Garnituri,Cartofi piure,https://cdn-content-prod.freshful.ro/prod/Piure_de_cartofi_720_x_360_4462dd6b3e.jpg,"cartofi54.8, mix de condimente 4.1, unt 13.7, lapte 27.4","341.9 kcal/ 1429.2kj Lipide 26.2g din care acizi grasi saturati 15095.3g, glucide 24.5g din care zaharuri 2.8g, proteine 3.1g, sare 4.0g",200 g,,Lapte si produse lactate (inclusiv lactoza),
74,Garnituri,Orez cu legume,https://www.maggi.ro/sites/default/files/styles/home_stage_944_531/public/srh_recipes/c624334e6943435f7246741f1db4d20f.png?h=c6980913&itok=YkU7B53K,"orez 48.2%, mix de condimente 3.6%, ciuperci 12.0%, morcov 12.0%, ceapa 12.0%, mazare 12.0%","204.3 kcal/ 854.1 kj Lipide 1.2g din care acizi grasi saturati 0.2g, glucide 18.8g din care zaharuri 0.1g, proteine 3.2g, sare 4.0g",200 g,,Lipsa Alergeni,
75,Garnituri,Orez cu ciuperc,https://flavorintheplate.ro/wp-content/uploads/2021/05/pilaf-cu-ciuperci-la-cuptor3-500x375.jpg,"orez 45.2%, ardei 5.6%, ciuperci 22.6%,ceapa 7.3%, unt 7.9%, usturoi 4.0%, morcov 4.0%, mix condiment 3.4%","365.4 kcal/ 1516.1 kj Lipide 21.9g din care acizi grasi saturati 102.5g, glucide 33.6g din care zaharuri 2g, proteine 3.9g, sare 3.9g",200 g,,"Gluten (din paine), Lapte si produse lactate (inclusiv lactoza)",
76,Garnituri,Broccoli cu unt,https://i.ytimg.com/vi/1DWywLGJuXE/hq720.jpg?sqp=-oaymwEhCK4FEIIDSFryq4qpAxMIARUAAAAAGAElAADIQj0AgKJD&rs=AOn4CLCKUhZ9y0FUczCiNmS5RlyVoieKLQ,"brocoli 75.5%, mix de condimente 5.7%, unt 18.9%","305.7 kcal/ 1277.7 kj Lipide 31.0g din care acizi grasi saturati 19449.1g, glucide 5.7g din care zaharuri 0.7g, proteine 4.8g, sare 5.5g",200 g,,Lapte si produse lactate (inclusiv lactoza),
77,Garnituri,Spanac la tigaie,https://lchf.ro/wp-content/uploads/2021/05/spanac_lchf.jpg,"spanac 75.5%, mix de condimente 5.7%, unt 18.9%","305.7 kcal/ 1277.7 kj Lipide 31.0g din care acizi grasi saturati 19449.1g, glucide 5.7g din care zaharuri 0.7g, proteine 4.8g, sare 5.5g",200 g,,Lapte si produse lactate (inclusiv lactoza),
78,Garnituri,Legume la gratar,https://static.mega-image.ro/site/binaries/_ht_1708182751753/lg/content/gallery/image-components/mega-image-romania-ro/articole-inspiratie/legume-la-gratar/legume-la-gratar-banner-01.jpg?imwidth=1000,"mix de condimente 7.0%, dovlecel 23.3%, ceapa 23.3%, ardei 23.3%, vinete 23.3%","290.2 kcal/ 1213.2 kj Lipide 13.7g din care acizi grasi saturati 2.1g, glucide 38.5g din care zaharuri 0.3g, proteine 3.2g, sare 7.6g",200 g,,Lipsa Alergeni,
79,Garnituri,Ciuperci la gratar,https://restaurantprovence.ro/wp-content/uploads/2022/09/Ciuperci-la-gratar.jpg,"ciuperci 93.0%, mix de condimente 7.0%","0.8 kcal/ 113.5 kj Lipide 0.8g din care acizi grasi saturati 113.5g, glucide 9.9g din care zaharuri 4.4g, proteine 4.0g, sare 10.9g",200 g,,Lipsa Alergeni,
80,Garnituri,Ciuperci cu smantanta,https://www.arctic.ro/blog/wp-content/uploads/2022/05/ciuperci-cu-smantana3.jpg,"ciuperci 63.5%, mix de condimente 4.8%, smantana 31.7%","167.6 kcal/ 700.6 kj Lipide 13.0g din care acizi grasi saturati 11373.3g, glucide 10.9g din care zaharuri 7.2g, proteine 4.3g, sare 4.4g",250 g,,Lapte si produse lactate (inclusiv lactoza),
81,Garnituri,Legume mexicane,https://restaurantgrancanaria.ro/wp-content/uploads/2019/10/legume-mexicane.jpg,"mix de condimente 4.8%, fasole 15.9%, fasole verde 15.9%, porumb 15.9%, ceapa 15.9%, morcov 15.9%, ardel 15.9%","198.1 kcal/ 828.0 kj Lipide 9.3g din care acizi grasi saturati 1.5g, glucide 26.3g din care zaharuri 0.2g, proteine 2.2g, sare 5.2g",200 g,,Lipsa Alergeni,
82,Garnituri,Cartofi taranesti cu bacon,https://i.ytimg.com/vi/U0ykRdjWRMA/maxresdefault.jpg,"cartofi fierti 55%, mix de condimente 2.3%, ceapa 13.7%, ulei 5.9%, bacon 23.1% (stabilizatori: difosfati, polifosfati; antioxidanti: erithorbat de sodiu, ascorbat de sodiu; corector de aciditate: citrat de sodiu; potentiator de aroma: glutamat monosodic; arome si condimente naturale; proteina vegetala din soia nemodificata genetic; agent de ingrosare: caragenan; antiaglomerant:bioxid de siliciu; conservanti: nitrit de sodiu, acid acetic)","519.6 kcal/ 2171.9 kj Lipide 24g din care acizi grasi saturati 2243.8g, glucide 71.2g din care zaharuri 6.0g, proteine 8.4g, sare 3.6g",300 g,,Lipsa Alergeni,
83,Garnituri,Scrijele simple,https://www.e-retete.ro/files/recipes/scrijelute-de-cartofi.jpg,"cartofi 97%, mix condimente 7%","173.0 kcal/ 723.2 kj Lipide 0.3g din care acizi grasi saturati 65.1g, glucide 39.3g din care zaharuri 2.2g, proteine 4.7g, sare 7.6g",200 g,,Lipsa Alergeni,
84,Garnituri,Scrijele cu bacon,https://takeandeat.ro/wp-content/uploads/2023/11/New-Project-2024-01-22T153411.269.jpg,"cartofi copti 48.2%, mix de condimente 3.6%, bacon 24.1% (stabilizatori: difosfati, polifosfati; antioxidanti: erithorbat de sodiu, ascorbat de sodiu; corector de aciditate: citrat de sodiu; potentiator de aroma: glutamat monosodic; arome si condimente naturale; proteina vegetala din soia nemodificata genetic; agent de ingrosare: caragenan; antiaglomerant:bioxid de siliciu; conservanti: nitrit de sodiu, acid acetic), ceapa 24.1%","686.4 kcal/ 2869.1 kj Lipide 43.0g din care acizi grasi saturati 121.4g, glucide 56.8g din care zaharuri 8.0g, proteine 20.2g, sare 8.9g",200 g,,Lipsa Alergeni,
85,Sosuri,"Dressing (salata pui, peste)",https://g4food.ro/wp-content/uploads/2024/08/cream-sauce-fish.jpg,"maionez? sau iaurt, otet de mere, sare, piper","155.2 kcal/ 648.7 kj Lipide 8.9g din care acizi grasi saturati 10.2g, glucide 17.7g din care zaharuri 3.8g, proteine 2.6g, sare 2.1g",50 ml,,Lapte si produse lactate (inclusiv lactoza),https://cdn.loveandlemons.com/wp-content/uploads/2024/12/caesar-dressing-recipe.jpg
86,Sosuri,Dressing mustar,https://scms.machteamsoft.ro/uploads/photos/652x450/652x450_089829-sos-de-mustar-cu-miere.jpg,"otet balsamic, ulei de m?sline, mu?tar, miere","232 kcal/ 969.7 kj Lipide 20.4g din care acizi grasi saturati 2.5g, glucide 11.7g din care zaharuri 7.9g, proteine 1.1g, sare 3g",50 ml,,Mustar si produse derivate,
87,Sosuri,Dressing iaurt (in special pentru somon),https://lh4.googleusercontent.com/proxy/hnr7WrXSSk_pJTULQXUposkalBYdcPf4EKvCn7n_OgNaHbMuhP2D1YJrbLx7jg3RJTAQ8WxdrbsB1kxuE8NETPzRNj82XigOaCePISzwUTk,"busuioc, iaurt, ghimbir ras, un fir de ceap? verde, sare, piper","155 kcal/ 647.9 kj Lipide 15.6g din care acizi grasi saturati 17.8g, glucide 2.8g din care zaharuri 1.4g, proteine 0.4g, sare 3g",50 ml,,Lapte si produse lactate (inclusiv lactoza),
88,Sosuri,"Dressing""Caesar""",https://cdn.loveandlemons.com/wp-content/uploads/2024/12/caesar-dressing-recipe.jpg,"otet balsamic, miere, ulei, m?sline, parmezan, sare, piper, sos Worcestershire","271 kcal/ 1132.8 kj Lipide 28.9g din care acizi grasi saturati 4394.5g, glucide 1.7g din care zaharuri 1.4g, proteine 1.1g, sare 3g",50 ml,,Lapte si produse lactate (inclusiv lactoza),
89,Sosuri,"Dressing ""Vinegreta""",https://www.csid.ro/wp-content/uploads/2017/04/16224746/1-sos-vinegreta-pentru-salata.jpg,"otet balsamic, ulei de m?sline, mu?tar, usturoi, sare, piper","323 kcal/ 1350.1 kj Lipide 22.5g din care acizi grasi saturati 8895.5g, glucide 22.2g din care zaharuri 3.3g, proteine 1.2g, sare 3g",50 ml,,Mustar si produse derivate,
90,Sosuri,Sos de usturoi simplu sau cu smantana,https://i.ytimg.com/vi/HBSQyRcndVo/hq720.jpg?sqp=-oaymwEhCK4FEIIDSFryq4qpAxMIARUAAAAAGAElAADIQj0AgKJD&rs=AOn4CLARhWlhWyppc0FO55cfS2fkwR7U-A,"Usturoi, Smantana","98 kcal/ 409.6 kj Lipide 6.5g din care acizi grasi saturati 4.3g, glucide 4.3g din care zaharuri 4.3g, proteine 3.5g, sare 3g",50 ml,,Lapte si produse lactate (inclusiv lactoza),
91,Sosuri,Sos de maioneza,https://moaradefoc.ro/livrari-domiciliu/wp-content/uploads/2020/11/sos-de-maioneza-cu-usuroi.jpg,Maioneza,"104 kcal/ 434.7 kj Lipide 9.8g din care acizi grasi saturati 8895.5g, glucide 3.3g din care zaharuri 3.3g, proteine 1.2g, sare 3g",50 ml,,Oua si produse derivate,
92,Sosuri,Ketchup,https://panitos.ro/wp-content/uploads/2023/04/DSC01420-scaled.jpg,Ketchup,"56 kcal/ 234 kj Lipide 0.1g din care acizi grasi saturati 0.1g, glucide 13.1g din care zaharuri 10.9g, proteine 0.6g, sare 1.6g",50 ml,,Lipsa Alergeni,
93,Sosuri,Mustar,https://restaurant-onix.ro/wp-content/uploads/2022/10/Mustar-1.jpg,Mustar,"34 kcal/ 142.1 kj Lipide 2g din care acizi grasi saturati 124g, glucide 2.7g din care zaharuri 0.4g, proteine 2.2g, sare 1.2g",50 ml,,Mustar si produse derivate,
94,Pizza,"PIZZA ""Capricii""",https://www.alphapizza.ro/wp-content/uploads/2024/07/bella-scaled.jpg,"blat de pizza 27.1%, sos de rosii 9.1%, mozzarella 9.1%, sunca 13.2% (stabilizatori: tri-polifosfati de sodiu; agent de ingrosare: caragenan; corector de aciditate: citrat de sodiu; potentiator de aroma: glutamat monosodic; antioxidant: izoascorbat de sodiu; amidon; conservant: nitrit de sodiu), ciuperci 9.1%, masline 5.5%, salam picant 13.2% (stabilizatori: dipolifosfati de sodiu si potasiu; agenti de ingrosare: caragenan, guma konjac, guma xantan; potentiator de aroma: glutamat monosodic; antioxidanti: acid ascorbic, izoascorbat de sodiu; amidon; condimente naturale; arome; emulgator: esteri glicerici; conservant: nitrit de sodiu; colorant: carmin), condimente 3.6%, bacon 10.2% (stabilizatori: difosfati, polifosfati; antioxidanti: erithorbat de sodiu, ascorbat de sodiu; corector de aciditate: citrat de sodiu; potentiator de aroma: glutamat monosodic; arome si condimente naturale; proteina vegetala din soia nemodificata genetic; agent de ingrosare: caragenan; antiaglomerant:bioxid de siliciu; conservanti: nitrit de sodiu, acid acetic)","893.6 kcal/ 3735.4 kj Lipide 41.0g din care acizi grasi saturati 9080.1g, glucide 78.5g din care zaharuri 5.7g, proteine 52.1g, sare 13g",500 g,,"Gluten (din paine), Lapte si produse lactate (inclusiv lactoza)",https://www.alphapizza.ro/wp-content/uploads/2024/07/bella-scaled.jpg
95,Pizza,"PIZZA ""Bambino""",https://pizzapala.ro/wp-content/uploads/2021/04/pizza-taraneasca.jpg,"blat de pizza 31.9%, sos de rosii 10.6%, mix condiment 4.3%, mozzarella 21.3%, sunca 21.3% (stabilizatori: tri-polifosfati de sodiu; agent de ingrosare: caragenan; corector de aciditate: citrat de sodiu; potentiator de aroma: glutamat monosodic; antioxidant: izoascorbat de sodiu; amidon; conservant: nitrit de sodiu), cartofi prajiti 10.6%","943.1 kcal/ 3942.1 kj Lipide 38.2g din care acizi grasi saturati 15418.5g, glucide 94.7g din care zaharuri 5.1g, proteine 52.4g, sare 11.6",250/500 g,,"Gluten (din paine), Lapte si produse lactate (inclusiv lactoza)",
96,Pizza,"PIZZA ""Chicken""",https://www.tasteofhome.com/wp-content/uploads/2019/06/Chicken-Parmesan-Pizza_EXPS_PPMBZ24_195069_DR_11_07_8b.jpg,"blat de pizza 31.9%, sos de rosii 10.6%, mix condiment 4.3%, mozzarella 21.3%, sunca 21.3% (stabilizatori: tri-polifosfati de sodiu; agent de ingrosare: caragenan; corector de aciditate: citrat de sodiu; potentiator de aroma: glutamat monosodic; antioxidant: izoascorbat de sodiu; amidon; conservant: nitrit de sodiu), cartofi prajiti 10.6%","943.1 kcal/ 3942.1 kj Lipide 38.2g din care acizi grasi saturati 15418.5g, glucide 94.7g din care zaharuri 5.1g, proteine 52.4g, sare 11.6g",500 g,,"Gluten (din paine), Lapte si produse lactate (inclusiv lactoza)",
97,Pizza,"PIZZA ""Diavola""",https://www.carolynscooking.com/wp-content/uploads/2024/02/Pizza-Diavola-7-500x500.jpg,"blat de pizza 38.5%, sos de rosii 28.8%, mix condimente 3.8%, salam picant 19.2% (stabilizatori: dipolifosfati de sodiu si potasiu; agenti de ingrosare: caragenan, guma konjac, guma xantan; potentiator de aroma: glutamat monosodic; antioxidanti: acid ascorbic, izoascorbat de sodiu; amidon; condimente naturale; arome; emulgator: esteri glicerici; conservant: nitrit de sodiu; colorant: carmin), mozzarella 9.6%","886.2 kcal/ 3704.1 kj Lipide 32.6g din care acizi grasi saturati 6370.6g, glucide 107.5g din care zaharuri 9.5g, proteine 43.5g, sare 14.3g",500 g,,"Gluten (din paine), Lapte si produse lactate (inclusiv lactoza)",
98,Pizza,"PIZZA ""Funghi""",https://www.pizzaprima.ro/wp-content/uploads/2023/09/pizza-prima-11-pizza-funghi.jpg,"blat de pizza, sos de rosii, mix condiment, ciuperci, mozzarella","678.5 kcal/ 2836 kj Lipide 13.8g din care acizi grasi saturati 6423.5g, glucide 108.6g din care zaharuri 11.3g, proteine 32.1g, sare 11.9g",500 g,,"Gluten (din paine), Lapte si produse lactate (inclusiv lactoza)",
99,Pizza,"PIZZA ""Prosciutto""",https://eightforestlane.com/wp-content/uploads/2018/07/Proscuitto-Pizza_SQ-1.jpg,"blat de pizza 40.5%, sos de rosii 13.5%, mix condiment 5.4%, sunca 27.0% (stabilizatori: tri-polifosfati de sodiu; agent de ingrosare: caragenan; corector de aciditate: citrat de sodiu; potentiator de aroma: glutamat monosodic; antioxidant: izoascorbat de sodiu; amidon; conservant: nitrit de sodiu), mozzarella 13.5%","652.7 kcal/ 2728.3 kj Lipide 20.5g din care acizi grasi saturati 9012.1g, glucide 75.5g din care zaharuri 4.4g, proteine 39.6g, sare 11.2g",500 g,,"Gluten (din paine), Lapte si produse lactate (inclusiv lactoza)",
100,Pizza,"PIZZA ""Prosciutto Funghi""",https://www.italianstylecooking.net/wp-content/uploads/2022/08/Pizza-mit-Schinken-und-Pilzen.jpg,"blat de pizza 40.5%, sos de rosii 13.5%, mix condiment 5.4%, sunca 27.0% (stabilizatori: tri-polifosfati de sodiu; agent de ingrosare: caragenan; corector de aciditate: citrat de sodiu; potentiator de aroma: glutamat monosodic; antioxidant: izoascorbat de sodiu; amidon; conservant: nitrit de sodiu), mozzarella 13.5%","652.7 kcal/ 2728.3 kj Lipide 20.5g din care acizi grasi saturati 9012.1g, glucide 75.5g din care zaharuri 4.4g, proteine 39.6g, sare 11.2g",500 g,,"Gluten (din paine), Lapte si produse lactate (inclusiv lactoza)",
101,Pizza,"PIZZA ""Ardeleneasca""",https://pizzaka.ro/wp-content/uploads/2018/04/pizza_carnivora-1oHiGHhs.jpg,"blat de pizza 31.9%, sos de rosii 10.6%, mix condiment 4.3%, mozzarella 21.3%, bacon 8.45% (stabilizatori: difosfati, polifosfati; antioxidanti: erithorbat de sodiu, ascorbat de sodiu; corector de aciditate: citrat de sodiu; potentiator de aroma: glutamat monosodic; arome si condimente naturale; proteina vegetala din soia nemodificata genetic; agent de ingrosare: caragenan; antiaglomerant:bioxid de siliciu; conservanti: nitrit de sodiu, acid acetic), carnati 8.45% (stabilizatori: di-polifosfati de sodiu; proteina animala; zaharuri: dextroza; agent de ingrosare: caragenan; potentiator de aroma: glutamat monosodic; corector de aciditate: citrat de sodiu; antioxidant: izoascorbat de sodiu; aromatizant; conservant: nitrit de sodiu; colorant: carmin), ceapa 5%, ardei 5%, masline 5%","771.7 kcal/ 3225.7 kj Lipide 29.0g din care acizi grasi saturati 12608.2g, glucide 84.6g din care zaharuri 11.7g, proteine 40.9g, sare 12.7g",500 g,,"Gluten (din paine), Lapte si produse lactate (inclusiv lactoza)",
102,Pizza,"PIZZA ""Mexicana""",https://arezzobistro.ro/wp-content/uploads/2022/08/Pizza-Mexicana.jpg,"blat de pizza 31.9%, sos de rosii 10.6%, mix condiment 4.3%, mozzarella 21.3%, ardei 5.3%, porumb 5.3%, ceapa 5.3%, fasole 5.3%, smantana 10.6%","713.3 kcal/ 2981.6 kj Lipide 26.9g din care acizi grasi saturati 12976.8g, glucide 81.4g din care zaharuri 7.8g, proteine 36.6g, sare 11.3g",500 g,,"Gluten (din paine), Lapte si produse lactate (inclusiv lactoza)",
103,Pizza,"PIZZA ""Rustica""",https://www.trattoriaprestij.ro/uploads/produse/1440/37--pizza-rustica-500gr.jpg,"blat de pizza 31.9%, sos de rosii 10.6%, mix condiment 4.1%, mozzarella 21.3%, sunca 12.9% (stabilizatori: tri-polifosfati de sodiu; agent de ingrosare: caragenan; corector de aciditate: citrat de sodiu; potentiator de aroma: glutamat monosodic; antioxidant: izoascorbat de sodiu; amidon; conservant: nitrit de sodiu), carnaciori 13.5% (stabilizatori: di-polifosfati de sodiu; proteina animala; zaharuri: dextroza; agent de ingrosare: caragenan; potentiator de aroma: glutamat monosodic; corector de aciditate: citrat de sodiu; antioxidant: izoascorbat de sodiu; aromatizant; conservant: nitrit de sodiu; colorant: carmin), masline 5.4%","882.8 kcal/ 3690 kj Lipide 35.6g din care acizi grasi saturati 16823.4g, glucide 79.3g din care zaharuri 4.9g, proteine 58.7g, sare 11.3g",500 g,,"Gluten (din paine), Lapte si produse lactate (inclusiv lactoza)",
104,Pizza,"PIZZA ""Formaggi""",https://arezzobistro.ro/wp-content/uploads/2022/08/Pizza-Quatro-Formaggi.jpg,"blat de pizza 28.8%, sos de rosii 9.6%, mix condiment 3.8%, gorgonzola 14.4%, mozzarella 14.4%, cascaval 14.4%, parmesan 14.4%","1140.6 kcal/ 4881.7 kj Lipide 65.3g din care acizi grasi saturati 5739g, glucide 68.8g din care zaharuri 4.4g, proteine 71.3g, sare 13.7g",500 g,,"Gluten (din paine), Lapte si produse lactate (inclusiv lactoza)",
105,Pizza,"PIZZA ""Hawai""",https://magazin.klarstein.de/wp-content/uploads/2023/02/KS_Magazine_0223_Pizza-Hawaii_1300x1300px.jpg,"blat de pizza 28.8%, sos de rosii 9.6%, mix condiment 3.8%, mozzarella 19.2%, sunca 19.2% (stabilizatori: tri-polifosfati de sodiu; agent de ingrosare: caragenan; corector de aciditate: citrat de sodiu; potentiator de aroma: glutamat monosodic; antioxidant: izoascorbat de sodiu; amidon; conservant: nitrit de sodiu), ananas 19.2%","855.8 kcal/ 3577.1 kj Lipide 31.7g din care acizi grasi saturati 15492.4g, glucide 90.4g din care zaharuri 14.4g, proteine 51.4g, sare 11.3g",500 g,,"Gluten (din paine), Lapte si produse lactate (inclusiv lactoza), Soia si produse derivate",
106,Pizza,"PIZZA ""Tonno""",https://savorya.ro/wp-content/uploads/2024/07/thunfisch-pizza.jpg,"blat de pizza 31.9%, sos de rosii 10.6%, mix condiment 4.3%, ton 21.3%, mozzarella 10.6%, ceapa 10.65%, porumb 10.65%","665.4 kcal/ 2781.5 kj Lipide 15.5g din care acizi grasi saturati 7109.1g, glucide 81.7g din care zaharuri 8.4g, proteine 47.9g, sare 11.3g",500 g,,"Gluten (din paine), Lapte si produse lactate (inclusiv lactoza)",
107,Pizza,"PIZZA ""Margherita""",https://assets.tmecosys.com/image/upload/t_web767x639/img/recipe/ras/Assets/5802fab5-fdce-468a-a830-43e8001f5a72/Derivates/c00dc34a-e73d-42f0-a86e-e2fd967d33fe.jpg,"blat de pizza 35.7%, mix condiment 4.8%, mozzarella 59.5%","926.7 kcal/ 3873.5 kj Lipide 48.1g din care acizi grasi saturati 27400.9g, glucide 64.3g din care zaharuri 3.8g, proteine 57.4g, sare 9.8g",500 g,,"Gluten (din paine), Lapte si produse lactate (inclusiv lactoza)",
108,Pizza,"PIZZA ""Traditional?""",https://ribbz.ro/wp-content/uploads/2020/06/Pizza-Traditionala-24.jpg,"blat de pizza 30.9%, sos de rosii 10.3%, mix condiment 4.1%, sunca 15.4% (stabilizatori: tri-polifosfati de sodiu; agent de ingrosare: caragenan; corector de aciditate: citrat de sodiu; potentiator de aroma: glutamat monosodic; antioxidant: izoascorbat de sodiu; amidon; conservant: nitrit de sodiu), mozzarella 10.3%, ou 13.4%, bacon 15.5% (stabilizatori: difosfati, polifosfati; antioxidanti: erithorbat de sodiu, ascorbat de sodiu; corector de aciditate: citrat de sodiu; potentiator de aroma: glutamat monosodic; arome si condimente naturale; proteina vegetala din soia nemodificata genetic; agent de ingrosare: caragenan; antiaglomerant:bioxid de siliciu; conservanti: nitrit de sodiu, acid acetic)","1145.9 kcal/ 4789.8 kj Lipide 30.5g din care acizi grasi saturati 12172g, glucide 76.5g din care zaharuri 4.9g, proteine 54.2g, sare 10.9g",500 g,,"Gluten (din paine), Lapte si produse lactate (inclusiv lactoza), Oua si produse derivate",
109,Pizza,"PIZZA ""Fructe de mare""",https://pizzico.ro/wp-content/uploads/2021/12/pizza-fructe-de-mare-1.jpg,"blat de pizza 30.3%, sos de rosii 10.1%, mix condiment 4.0%, fructe de mare 50.5%, usturoi 5.1%",": 597.3 kcal/ 2496.6 kj Lipide 10.7g din care acizi grasi saturati 34g, glucide 83.6g din care zaharuri 5.2g, proteine 41.0g, sare 12.7g",500 g,,"Gluten (din paine), Lapte si produse lactate (inclusiv lactoza), Crustacee si produse derivate",
110,Pizza,"PIZZA ""Kebab""",https://la-pofticiosu.ro/wp-content/uploads/2022/04/Pizza20Kebab.jpg,"blat de pizza 28.8%, sos de rosii 9.6%, mix condiment 3.8%, mozzarella 19.2%, carne kebab 38.5%","1264.4 kcal/ 5285.3 kj Lipide 69.5g din care acizi grasi saturati 12683.8g, glucide 82.6g din care zaharuri 10.1g, proteine 75.4g, sare 14.8g",500 g,,"Gluten (din paine), Lapte si produse lactate (inclusiv lactoza), Crustacee si produse derivate",
111,Pizza,"PIZZA ""Simpla""",https://assets.tmecosys.com/image/upload/t_web767x639/img/recipe/ras/Assets/24d513f5-2b4b-4951-8176-abeea5d6f21e/Derivates/7db9cc50-7eb1-4155-8888-5b9b308faa11.jpg,"blat de pizza 36.4%, bacon 18.2% (stabilizatori: difosfati, polifosfati; antioxidanti: erithorbat de sodiu, ascorbat de sodiu; corector de aciditate: citrat de sodiu; potentiator de aroma: glutamat monosodic; arome si condimente naturale; proteina vegetala din soia nemodificata genetic; agent de ingrosare: caragenan; antiaglomerant:bioxid de siliciu; conservanti: nitrit de sodiu, acid acetic), sunca 23.7% (stabilizatori: tripolifosfati de sodiu; agent de ingrosare: caragenan; corector de aciditate: citrat de sodiu; potentiator de aroma: glutamat monosodic; antioxidant: izoascorbat de sodiu; amidon; conservant: nitrit de sodiu), masline 5.5%, salam picant 18.2% (stabilizatori: dipolifosfati de sodiu si potasiu; agenti de ingrosare: caragenan, guma konjac, guma xantan; potentiator de aroma: glutamat monosodic; antioxidanti: acid ascorbic, izoascorbat de sodiu; amidon; condimente naturale; arome; emulgator: esteri glicerici; conservant: nitrit de sodiu; colorant: carmin), condimente 3.6%","893.6 kcal/ 3735.4 kj Lipide 41.0g din care acizi grasi saturati 9080.1g, glucide 78.5g din care zaharuri 5.7g, proteine 52.1g, sare 13g",350 g,,"Gluten (din paine), Soia si produse derivate",
112,Pizza,"PIZZA ""Family""",https://olivio-fastfood.ro/wp-content/uploads/2024/07/350892_Pizza-Family_restaurant-owned-scaled-e1623449875945.jpg,"faina 80.6%, drojdie 4.0%, zahar 1.6%, sare 1.6%, ulei de masline 8.1%, usturoi 4.0%","740 kcal/ 3093.2 kj Lipide 19.5g din care acizi grasi saturati 2254.5g, glucide 121.9g din care zaharuri 3.7g, proteine 18.9g, sare 3.3g",1200 g,,Gluten (din paine),
113,Pizza,PIZZA de post,https://thebox.md/wp-content/uploads/2022/03/my-project-2022-03-21t132313.868.jpg,"blat de pizza 31.9%, sos de rosii 10.6%, mix condiment 4.3%, mozzarella de post 21.3%, ardei 5.3%, masline 5.3%, rosii 5.3%, ciuperci 5.3%, porumb 5.3%, pastai 5.3%","711.4 kcal/ 2973.6 kj Lipide 28.4g din care acizi grasi saturati 619.0g, glucide 81.7g din care zaharuri 7.9g, proteine 35.4g, sare 11.6g",500 g,,Gluten (din paine),
114,Paste,"Paste cu ciuperci, in sos alb",https://www.gradinamea.ro/_files/Image/articole/5/paste_cu_ciuperci_si_smantana.jpg,"paste 40.8%, smantana 25.5%, ciuperci 15.3%, cascaval 7.1%, mix mirodenii 4.1%, ceapa 7.1%","662.9 kcal/ 2770.7 kj Lipide 49.6g din care acizi grasi saturati 26.2g, glucide 44.2g din care zaharuri 1.5g, proteine 22g, sare 10.9g",400 g,,"Gluten (din paine), Lapte si produse lactate (inclusiv lactoza)",https://d11jxtftm29knk.cloudfront.net/images/blog/43/url_uploaded_file_173156627067359ac21f061.png
115,Paste,Paste cu creveti si sos gorgonzola,https://www.blondelish.com/wp-content/uploads/2018/09/Creamy-Shrimp-Alfredo-Pasta-Recipe-17-1.jpg,"paste 31.0%, patrunjel 7.8%, smantana 15.5%, ulei masline 3.9%, mix mirodenii 3.1%, gorgonzola 15.5%, creveti 23.3%","398.6 kcal/ 1666.2 kj Lipide 21.3g din care acizi grasi saturati 6407.3g, glucide 27.1g din care zaharuri 1.0g, proteine 23.2g, sare 6.4g",400 g,,"Gluten (din paine), Lapte si produse lactate (inclusiv lactoza), Peste si produse derivate",
116,Paste,"Paste ""Carbonara""",https://www.retetepractice.ro/wp-content/uploads/2017/08/Paste-Carbonara-reteta-originala.jpg,"paste 37.6%, bacon 17.9% (stabilizatori: difosfati, polifosfati; antioxidanti: erithorbat de sodiu, ascorbat de sodiu; corector de aciditate: citrat de sodiu; potentiator de aroma: glutamat monosodic; arome si condimente naturale; proteina vegetala din soia nemodificata genetic; agent de ingrosare: caragenan; antiaglomerant:bioxid de siliciu; conservanti: nitrit de sodiu, acid acetic), smantana 23.8%, ou 16%, mix mirodenii 4.8%","950.5 kcal/ 3973 kj Lipide 71.8g din care acizi grasi saturati 12256.2g, glucide 48.2g din care zaharuri 0.7g, proteine 26.3g, sare 12.8g",400 g,,"Gluten (din paine), Lapte si produse lactate (inclusiv lactoza)",
117,Paste,Paste cu sos bolognese,https://retete.unica.ro/wp-content/uploads/2010/09/paste-bolognese.jpg,"paste 40%, rosii 20%, mix carne tocata porc si vita 20%, ceapa 5%, morcov 4%, mix mirodenii 6%, usturoi 5%","477.6 kcal/ 1996.4 kj Lipide 20.5g din care acizi grasi saturati 40.5g, glucide 53.6g din care zaharuri 4.3g, proteine 21.8g, sare 0.8g",400 g,,Gluten (din paine),
118,Paste,Paste cu ton,https://gurmandino.ro/wp-content/uploads/2013/03/Paste-ton-ulei-usturoi5.jpg,"paste 44.9%, rosii 22.5%, ton 22.5%, ceapa 5.6%, mix mirodenii 4.5%",": 374.8 kcal/ 1566.8 kj Lipide 4.9g din care acizi grasi saturati 721.6g, glucide 50.1g din care zaharuri 3.3g, proteine 31.6g, sare 10.5g",400 g,,Gluten (din paine),
119,Paste,Paste cu pesto,https://www.degusteriafrancesca.ro/wp-content/uploads/2020/05/Penne-Pesto.jpg,"paste 55.6%, sos pesto 41.7%, mix mirodenii 2.8%","837.8 kcal/ 3501.9 kj Lipide 51.6g din care acizi grasi saturati 6.7g, glucide 73.3g din care zaharuri 14.2g, proteine 17.8g, sare 11.1g",350 g,,"Gluten (din paine), Lapte si produse lactate (inclusiv lactoza)",
120,Paste,Paste picante cu ciuperci,https://d11jxtftm29knk.cloudfront.net/images/blog/43/url_uploaded_file_173156627067359ac21f061.png,"paste 46.5%, ciuperci 24.1%, unt 11.6%, pepperoncino 8.1%, mix mirodenii 4.7%, usturoi 5%","348.8 kcal/ 1458.1 kj Lipide 10g din care acizi grasi saturati 1.6g, glucide 51.7g din care zaharuri 3.1g, proteine 10.8g, sare 11.3g",400 g,,Gluten (din paine),
121,Paste,Paste cu broccoli,https://pe-zona.ro/wp-content/uploads/2022/06/pasta-cu-sos-si-broccoli.jpg,"paste 51.7%, brocoli 36.8%, usturoi 7.3%, mix mirodenii 4.2%","480.8 kcal/ 2009.9 kj Lipide 16.3g din care acizi grasi saturati 17.4g, glucide 49.3g din care zaharuri 4.2g, proteine 26g, sare 10.7g",400 g,,Gluten (din paine),
122,Paste,Paste cu fructe de mare,https://retete.unica.ro/wp-content/uploads/2020/06/paste-cu-fructe-de-mare.jpg,"paste 38.5%, sos de rosii 24%, vin alb 9.6%, fructe de mare 24%, mix mirodenii 3.8%","384.2 kcal/ 1606.1 kj Lipide 6.2g din care acizi grasi saturati 0.3g, glucide 51.9g din care zaharuri 3.3g, proteine 22.4g, sare 10g",400 g,,"Gluten (din paine), Crustacee si produse derivate",
123,Paste,Paste cu sos de rosii,https://cdn-content-prod.freshful.ro/prod/Paste_cu_sos_de_rosii_720_x_360_3aa4db649f.jpg,"paste 47.6%, sos de rosii cu busuioc 47.6%, mix mirodenii 4.8%","304.8 kcal/ 1273.9 kj Lipide 2.4g din care acizi grasi saturati 53.6g, glucide 60.3g din care zaharuri 8.1g, proteine 12.3g, sare 11.2g",350 g,,Gluten (din paine),
124,Paste,Paste cu sos de rosii,https://www.lauraadamache.ro/wp-content/uploads/2017/04/farfurie-paste-pambac-1.jpg,"paste 38.5%, sos de rosii 24%, vin alb 9.6%, fructe de mare 24%, mix mirodenii 3.8%","384.2 kcal/ 1606.1 kj Lipide 6.2g din care acizi grasi saturati 0.3g, glucide 51.9g din care zaharuri 3.3g, proteine 22.4g, sare 10g",350 g,,"Gluten (din paine), Crustacee si produse derivate",
125,Paste,Paste Simple,https://www.gustos.ro/uploads/modules/news/0/2015/10/23/2519/paste.jpg,"paste 51.7%, ulei de masline 26%, usturoi 18.1%, mix mirodenii 4.2%","358.3 kcal/ 1497.8 kj Lipide 16.1g din care acizi grasi saturati 475.5g, glucide 34.0g din care zaharuri 1.3g, proteine 20.2g, sare 6.1g",300 g,,"Gluten (din paine), Oua si produse derivate",
126,Paste,Parmezan,https://image.stirileprotv.ro/media/images/1920x1080/Feb2016/61775330.jpg,Parmezan,"210 kcal/ 877.8 kj Lipide 13.9g din care acizi grasi saturati 7.7g, glucide 7g din care zaharuri 0.1g, proteine 14.2g, sare 1.3g",50 g,,Lapte si produse lactate (inclusiv lactoza),
127,Desert,Tiramisu,https://www.flavoursholidays.co.uk/wp-content/uploads/2020/07/Tiramisu.jpg,"mascarpone 28.2%, cafea dulce 28.2%, piscoturi 22.5%, zahar 2.8%, oua 14.1%, cacao 4.2%",": 368.1 kcal/ 1538.7kj Lipide 19.6g din care acizi grasi saturati 822.7g, glucide 38.1g din care zaharuri 25.2g, proteine 7.9g, sare 0.1g",200 g,,"Gluten (din paine), Oua si produse derivate, Lapte si produse lactate (inclusiv lactoza) ",https://www.flavoursholidays.co.uk/wp-content/uploads/2020/07/Tiramisu.jpg
128,Desert,Salata de fructe,https://static4.libertatea.ro/wp-content/uploads/2024/02/reteta-salata-de-fructe.jpg,"mere 16.9% pere 16.9%, banana 16.9%, portocala 16.9%, kiwi 10.1%, miere 5.6%, suc portocala 11.2%, suc grapefruit 5.6%","144.0 kcal/ 602.1 kj Lipide 0.4g din care acizi grasi saturati 72.5g, glucide 37.0g din care zaharuri 27.0g, proteine 1.4g, sare 0.0g",200 g,,Lipsa Alergeni,
129,Desert,Papanasi cu smantana,https://www.insulaneptun.ro/wp-content/uploads/2020/05/papanasi-cu-branza-si-smantana.jpg,"branza de vaci 42.4%, faina 25.4%, smantana 16.9%, zahar vanilat 2.5%, dulceata12.7%","529.0 kcal/ 2211.1 kj Lipide 23.8g din care acizi grasi saturati 5.5g, glucide 60.8 g din care zaharuri 17.7g, proteine 17.5g, sare 0.6g",300 g,,"Gluten (din paine), Oua si produse derivate, Lapte si produse lactate (inclusiv lactoza) ",
130,Desert,Tocinei cu smantana,https://s3.pandurul.ro/696bb040439d8a6ea7cc0506c7ad416fmaxim.jpg,"cartofi 52.1%, ou 6.2%, faina 31.1%, sare 1.2%, smantana 10%",": 720.8 kcal/ 3012.9 kj Lipide 41.5g din care acizi grasi saturati 4447g, glucide 70.9g din care zaharuri 6.2g, proteine 15.5g, sare 8.3g",300 g,,"Gluten (din paine), Oua si produse derivate, Lapte si produse lactate (inclusiv lactoza) ",
131,Desert,Clatite cu branza la cuptor,https://paprikafood.ro/wp-content/uploads/2020/04/clatita-branza-.jpg,"faina 21.9%, lapte 48.2%, oua 13.2%, ulei 3.5%, branza 8.8%, stafide 4.4%","546 kcal/ 2282.3 kj Lipide 24.2g din care acizi grasi saturati 5107.4g, glucide 46.4g din care zaharuri 13.8g, proteine 18.4g, sare 0.0g",300 g,,"Gluten (din paine), Oua si produse derivate, Lapte si produse lactate (inclusiv lactoza) ",
132,Desert,"Clatite cu dulceata - capsuni,afine,caise,cirese,Nutella",https://delageorgia.ro/wp-content/uploads/2022/03/Articol-Blog-1-Foto-1.jpg,"faina 30.3%, lapte 40.6%, oua 15.2%, ulei 6.1%, dulceata 10%","539.4 kcal/ 2254.7 kj Lipide 23.4g din care acizi grasi saturati 5621.2g, glucide 44g din care zaharuri 8.8g, proteine 19.2g, sare 0.0g",300 g,,"Gluten (din paine), Oua si produse derivate",
133,Desert,"Profiterol - inghetata,crema de ciocolata,caroline,frisca",https://assets.tmecosys.com/image/upload/t_web767x639/img/recipe/ras/Assets/86A0BE97-A721-421D-BFE4-977718FF5734/Derivates/1CDB68C5-0B63-4A92-BF27-7822F654CDCE.jpg,"unt 12.0%, faina 12.5%, oua 21.3%, lapte 26.6%, zahar 9.0%, smantana 8.0%, ciocolata neagra 10.6%","604.0 kcal/ 2524.9 kj Lipide 26.4g din care acizi grasi saturati 23.8g, glucide 74.0g din care zaharuri 3.3g, proteine 10.0g, sare 0.5g",300 g,,"Gluten (din paine), Oua si produse derivate, Lapte si produse lactate (inclusiv lactoza) ",
134,Desert,Inghetata,https://thumbor.unica.ro/unsafe/1200x800/smart/filters:format(webp):contrast(8):quality(75)/https://retete.unica.ro/wp-content/uploads/2010/10/sf604750.jpg,"c?psuni, fructe de p?dure, vanilie, ciocolat?, tiramisu, fistic, ment?","310.5 kcal/ 1297.9 kj Lipide 16.5g din care acizi grasi saturati 10.2g, glucide 35.4g din care zaharuri 31.8g, proteine 5.3g, sare 0.0g",200 g,, Lapte si produse lactate (inclusiv lactoza) ,
135,Meniuri Speciale,"Meniu ""Capricii"" 1",https://guinnesspub.ro/wp-content/uploads/2022/04/CEAFA-DE-PORC-LA-GRATAR-CU-CARTOFI-PRAJITI-CASTRAVETI-MURATI-SI-MUJDEI.jpg,"creier pane 26.1%, ficatei 24.1%, cartofi la cuptor 26.2%, salata 20%, mix condiment 3.6%","963.4 kcal/ 4027 kj Lipide 56.1 g din care acizi grasi saturati 9034.2g, glucide 73.7g din care zaharuri 4.4g, proteine 41.7g, sare 6.7g",300 g,,"Gluten (din paine), Oua si produse derivate",https://guinnesspub.ro/wp-content/uploads/2022/04/CEAFA-DE-PORC-LA-GRATAR-CU-CARTOFI-PRAJITI-CASTRAVETI-MURATI-SI-MUJDEI.jpg
136,Meniuri Speciale,"Meniu ""Capricii"" 2",https://guinnesspub.ro/wp-content/uploads/2022/04/CEAFA-DE-PORC-LA-GRATAR-CU-CARTOFI-PRAJITI-CASTRAVETI-MURATI-SI-MUJDEI.jpg,"frigarui 18.1%, piept de pui 24.1%, ficatei 24.1%, cartofi la cuptor 18.1%, salata 12.0%, mix condiment 3.6%","631.1 kcal/ 2637.9 kj Lipide 24.8g din care acizi grasi saturati 1651.4g, glucide 25.9g din care zaharuri 0.2g, proteine 70.3g, sare 5g",300 g,,"Gluten (din paine), Oua si produse derivate",
137,Meniuri Speciale,"Meniu ""Capricii"" 3",https://www.prestij.ro/uploads/produse/1440/34--snitel-vienez-de-vita-cu-cartofi-prajiti.jpg,"cotlet 18.1%, snitel 24.1%, ficatei 24.1%, cartofi la cuptor 18.1%, salata 12.0%, mix condiment 3.6%","733 kcal/ 3063.9 kj Lipide 29g din care acizi grasi saturati 8.2g, glucide 15.5g din care zaharuri 0g, proteine 110.8g, sare 13g",300 g,,"Gluten (din paine), Oua si produse derivate",
138,Meniuri Speciale,Meniu Taranesc,https://i.ytimg.com/vi/MGxEC_MfQ6s/maxresdefault.jpg,"cartofi copti 48.2%, mix de condimente 3.6%, jumari 24.1%, ceapa 9.1%, branza 15%","686.4 kcal/ 2869.1 kj Lipide 43.0g din care acizi grasi saturati 121.4g, glucide 56.8g din care zaharuri 8.0g, proteine 20.2g, sare 8.9g",300 g,,Lapte si produse lactate (inclusiv lactoza),
139,Racoritoare,Suc natural de portocale,https://grano.ro/wp-content/uploads/2022/10/suc-de-portocale-grano.jpg,Suc natural de portocale,"48kcal/200kj Lipide 0.5g, glucide 9g din care zahar 9g, proteine 0.7g",250 ml,,Lipsa Alergeni,https://sucaroma.ro/wp-content/uploads/2021/02/beneficii-suc-de-mere.jpg
140,Racoritoare,Suc natural de grapefruit,https://thaliadelivery.ro/cdn/shop/products/image_d1dc1adb-0052-4d30-aae1-f59379f3a6fb_600x.jpg?v=1595443171,Suc natural de grapefruit,"35kcal/146kj Lipide 0.0g, glucide 8.8g din care zahar 4.4g, proteine 0.0g",250 ml,,Lipsa Alergeni,
141,Racoritoare,Suc natural mixt,https://casa-goia.ro/wp-content/uploads/2018/10/Fresh-gref.jpg,Suc natural mixt,"54 kcal/225.7 kj Lipide 0.0g, glucide 17g din care zahar 12.1g, proteine 0.1g",250 ml,,Lipsa Alergeni,
142,Racoritoare,Suc natural de mere,https://sucaroma.ro/wp-content/uploads/2021/02/beneficii-suc-de-mere.jpg,Suc natural de mere,"46 kcal/192.3 kj Lipide 0.1g, glucide 22g din care zahar 9.6g, proteine 0.1g",250 ml,,Lipsa Alergeni,
143,Racoritoare,Limonada,https://www.restograf.ro/wp-content/uploads/2021/07/carafa-limonada.jpg,Limonada,"35kcal/146kj Lipide 0.0g, glucide 8.8g din care zahar 4.4g, proteine 0.0g",250 ml,,Lipsa Alergeni,
144,Racoritoare,Suc,https://www.europafm.ro/wp-content/uploads/2023/09/sticle-suc-shutterstockfoto-scaled.jpg,"(doza) (cola, fanta, nestea, kinley schweppes)","40 kcal/167kj Lipide 0.09g, glucide 10.17g din care zahar 9.83g, proteine 0.02g",330 ml,,Lipsa Alergeni,
145,Racoritoare,Suc,https://www.europafm.ro/wp-content/uploads/2023/09/sticle-suc-shutterstockfoto-scaled.jpg,"(cola, fanta, nestea, pepsi, mountain dew)","48kcal/200kj Lipide 0.0g, glucide 13g din care zahar 13g, proteine 0.0g",500 ml,,Lipsa Alergeni,
146,Racoritoare,Nectar,https://agrotv.md/wp-content/uploads/2022/11/pasted-image-0.png,"(capsuni si banane, portocale, kiwi, pere)","38kcal/158.8 kj Lipide 0.0g, glucide 9.2g din care zahar 9.2g, proteine 0g",250 ml,,Lipsa Alergeni,
147,Racoritoare,Aloevera,https://aromebio.md/wp-content/uploads/2024/08/aloe2.jpg,Aloevera,"44 kcal/183.9 kj Lipide 0.0g, glucide 11g din care zahar 11g, proteine 0g",500 ml,,Lipsa Alergeni,
148,Racoritoare,Apa,https://cdn.knd.ro/media/521/2862/1739/20400476/1/apa-2.jpg?width=780&height=585,Apa,Apa,500 ml,,Lipsa Alergeni,
149,Racoritoare,Apa,https://cdn.knd.ro/media/521/2862/1739/20400476/1/apa-2.jpg?width=780&height=585,Apa,Apa,750 ml,,Lipsa Alergeni,
150,Racoritoare,Redbull,https://t3.ftcdn.net/jpg/04/31/62/14/360_F_431621440_FFG7fwFMxdVlADPCaOPKOkD94nQkL1nQ.jpg,Redbull,"46 kcal/ 195 kj Lipide 0g, glucide 11g din care zahar 11g, proteine0g",250 ml,,Lipsa Alergeni,
151,Bauturi calde,Cafea espresso,https://espressorcafea.ro/wp-content/uploads/2023/07/Espresso-Cofee.webp,Cafea,Cafea,50/100 ml,,Lipsa Alergeni,https://www.allrecipes.com/thmb/chsZz0jqIHWYz39ViZR-9k_BkkE=/1500x0/filters:no_upscale():max_bytes(150000):strip_icc()/8624835-how-to-make-a-cappuccino-beauty-4x3-0301-13d55eaad60b42058f24369c292d4ccb.jpg
152,Bauturi calde,Cappuccino,https://www.allrecipes.com/thmb/chsZz0jqIHWYz39ViZR-9k_BkkE=/1500x0/filters:no_upscale():max_bytes(150000):strip_icc()/8624835-how-to-make-a-cappuccino-beauty-4x3-0301-13d55eaad60b42058f24369c292d4ccb.jpg,Cappuccino,"128 kcal/ 2960.6 kj Lipide 2.6g din care acizi grasi saturati 1.6g, glucide 19.4g din care zaharuri 19.2g, proteine 6.4g, sare 0.4g",150 ml,,Lapte si produse lactate (inclusiv lactoza),
153,Bauturi calde,Latte,https://assets.tmecosys.com/image/upload/t_web767x639/img/recipe/ras/Assets/314D11A6-4457-4C70-A1BE-A6C25F597C18/Derivates/B362DC69-6AAA-43E1-AF51-184463E8551B.jpg,Latte,"111 kcal/ 2960.6 kj Lipide 3.5g din care acizi grasi saturati 3.3g, glucide 16g din care zaharuri 15g, proteine 3.3g, sare 0.2g",200 ml,,Lapte si produse lactate (inclusiv lactoza),
154,Bauturi calde,Ceai,https://openfood.ro/wp-content/uploads/2023/02/ceai.jpg,Ceai,Ceai,200 ml,,Lipsa Alergeni,
155,Bauturi calde,Ciocolata calda,https://assets.tmecosys.com/image/upload/t_web767x639/img/recipe/ras/Assets/7B391F0F-B602-4FE4-BFE2-9849040892D9/Derivates/95153DBB-9C3F-4A8F-85C4-A8FF6E2FE41D.jpg,Ciocolata calda (alba sau neagra),"97 kcal/ 405.46 kj Lipide 0.8g din care acizi grasi saturati 0.0g, glucide 20.5g din care zaharuri 18g, proteine 2g, sare 0.0g",200 ml,,Lipsa Alergeni,
156,Alcoolice,Absolut,https://ginfling.nl/pub/media/catalog/product/cache/8981f8e3f39dfdcfb5ae82d173e66caa/a/b/absolut_vodka_perfect_serve_1.jpg,Alcool,"216kcal/902kj Lipide 0g, glucide 50g din care zahar 0g, proteine0g",100 ml,,Lipsa Alergeni,https://lcdn.altex.ro/media/catalog/product/s/p/spr3395218_24_2b4d1806.jpg
157,Alcoolice,Finlandia,https://lcdn.altex.ro/media/catalog/product/s/p/spr3395218_24_2b4d1806.jpg,Alcool,"216kcal/902kj Lipide 0g, glucide 50g din care zahar 0g, proteine0g",100 ml,,Lipsa Alergeni,
158,Alcoolice,Stefan cel mare,https://s13emagst.akamaized.net/products/46703/46702090/images/res_b1d98c044cb36817ba20a6aefa6962e7.jpg,Alcool,"220kcal/919kj Lipide 0g, glucide 58g din care zahar 0g, proteine0g",100 ml,,Lipsa Alergeni,
159,Alcoolice,Voronskaya,https://c.cdnmp.net/198330547/p/l/9/voronskaya-blue-0-5l-2-pahare-mici~1069.jpg,Alcool,"220kcal/919kj Lipide 0g, glucide 58g din care zahar 0g, proteine0g",100 ml,,Lipsa Alergeni,
160,Alcoolice,Stalinskaya,https://pizzeriadamatteo.ro/wp-content/uploads/2020/10/ezgif-1-2a7de5bafe97.jpg,Alcool,"216kcal/902kj Lipide 0g, glucide 50g din care zahar 0g, proteine0g",100 ml,,Lipsa Alergeni,
161,"Whisky, Gin, Lichior",Jack Daniel's,https://images-svetnapojov-cdn.rshop.sk/gallery-big/products/0f3f4d696d6b90d59649b7c1b5617a10.png,Alcool,"229kcal/957kj Lipide 0g, glucide 21.2g din care zahar 0g, proteine0g",100 ml,,Lipsa Alergeni,https://images-svetnapojov-cdn.rshop.sk/gallery-big/products/0f3f4d696d6b90d59649b7c1b5617a10.png
162,"Whisky, Gin, Lichior",J.B.,https://lcdn.mediagalaxy.ro/media/catalog/product/b/a/bar501010380025_14_934636bc.jpg,Alcool,"229kcal/957kj Lipide 0g, glucide 21,2g din care zahar 0g, proteine0g",100 ml,,Lipsa Alergeni,
163,"Whisky, Gin, Lichior",Ballantine's,https://miro.medium.com/v2/resize:fit:1200/1*auPBW1iCD7gtkDhSce3FeQ.jpeg,Alcool,"250kcal/1045kj Lipide 0g, glucide 13g din care zahar 0g, proteine10g",100 ml,,Lipsa Alergeni,
164,"Whisky, Gin, Lichior",Red Label,https://topshelfwineandspirits.com/cdn/shop/products/JohnnieWalkerLaborDay_JASFY18Instagram.jpg?v=1631575235&width=2000,Alcool,"243kcal/1.015kj Lipide 0g, glucide 61g din care zahar 0g, proteine0g",100 ml,,Lipsa Alergeni,
165,"Whisky, Gin, Lichior",Wembley dry gin,https://lcdn.altex.ro/media/catalog/product/s/p/sprsgr03896_50bb950c.jpg,Alcool,"160kcal/668kj Lipide 0g, glucide 9g din care zahar 0g, proteine0g",100 ml,,Lipsa Alergeni,
166,"Whisky, Gin, Lichior",Jagermeister,https://c.cdnmp.net/877205478/p/l/1/jagermeister-lichior-0-7l~34951.jpg,Alcool,"250kcal/1045kj Lipide 0g, glucide 25g din care zahar 0g, proteine0g",100 ml,,Lipsa Alergeni,
167,"Whisky, Gin, Lichior",Sheridans,https://malva.si/cdn/shop/files/cbc1ff8db3cfde8d0e8137544d8b7014_a58c39c8-17af-4050-a447-caeceada221d_1200x1200.jpg?v=1715325000,Alcool,"290kcal/1212kj Lipide 14g, glucide 68g din care zahar 5g, proteine 0g",100 ml,,Lipsa Alergeni,
168,"Whisky, Gin, Lichior",Amaro Ramazzotti,https://www.ramazzotti1815.com/wp-content/uploads/2020/07/amaro.jpg,Alcool,"183kcal/764kj Lipide 0g, glucide 25g din care zahar 25g, proteine 0g",100 ml,,Lipsa Alergeni,
169,Vinars,Jidvei,https://king.ro/images/detailed/5/vinars-jidvei.jpg,Alcool,"65kcal/271kj Lipide 0g, glucide 4g din care zahar 0.0g, proteine 0g",100 ml,,Lipsa Alergeni,https://beciuldomnesc.ro/uploads/products/1715595640-0_1200_miorita-galerie-produs_VS.jpg
170,Vinars,Miorita,https://beciuldomnesc.ro/uploads/products/1715595640-0_1200_miorita-galerie-produs_VS.jpg,Alcool,"227kcal/948kj Lipide 0g, glucide 0g din care zahar 0.05g, proteine 0g",100 ml,,Lipsa Alergeni,
171,Vinars,Alexandrion 7*,https://romaniandrinks.co.uk/cdn/shop/files/Screenshot_2024-11-16_at_07.51.17.png?v=1731743498&width=480,Alcool,"227kcal/948kj Lipide 0g, glucide 0g din care zahar 0.05g, proteine 0g",100 ml,,Lipsa Alergeni,
172,Vinars,Alexandrion 5*,https://supermarketpentrutine.ro/web_continut/poze/mari/alexandrion-5-1l-314-1.jpg,Alcool,"227kcal/ 948.86 kj Lipide 0g, glucide 0g din care zahar 0.05g, proteine 0g",100 ml,,Lipsa Alergeni,
173,Vin,Vinalb de Purcari,https://vinero.ro/wp-content/uploads/2021/11/Purcari-1827-Chardonnay-6-x-750ml.jpg,Alcool,"81kcal/338kj Lipide 0g, glucide 2.1g din care zahar 0g, proteine0.07g",750 ml,,Lipsa Alergeni,https://ejtourism.weebly.com/uploads/2/0/9/3/20937630/986975888.jpg
174,Vin,Vin rose de Purcari,https://totalblue.ro/wp-content/uploads/2022/04/purcari-vin-sec-roz-totalblue3.jpg,Alcool,"78kcal/326kj Lipide 0g, glucide 3.7g din care zahar 0.06g, proteine 0g",750 ml,,Lipsa Alergeni,
175,Vin,Vin rosu de Purcari,https://totalblue.ro/wp-content/uploads/2022/04/purcari-neagra-rara-vin-rosu-totalblue1.jpg,Alcool,"81kcal/338kj Lipide 0g, glucide 2.1g din care zahar 0g, proteine0.07g",750 ml,,Lipsa Alergeni,
176,Vin,Jidvei-Gewurztraminer,https://s13emagst.akamaized.net/products/39320/39319320/images/res_3b3a673e2aea413fc7d995305dfb7c59.jpg,Alcool,"81kcal/338kj Lipide 0g, glucide 2.6g din care zahar 0g, proteine0.1g",750 ml,,Lipsa Alergeni,
177,Vin,Jidvei-Dry muscat,https://www.jidvei.ro/wp-content/uploads/2021/04/FVM-Monaco-2021-Grigorescu-Dry-Muscat-scaled.jpg,Alcool,"81kcal/338kj Lipide 0g, glucide 2.6g din care zahar 0g, proteine0.1g",750 ml,,Lipsa Alergeni,
178,Vin,Vinul casei - Casa Panciu,https://ejtourism.weebly.com/uploads/2/0/9/3/20937630/986975888.jpg,Alcool,"65kcal/271kj Lipide 0g, glucide 4g din care zahar 0.05g, proteine 0g",1000 ml,,Lipsa Alergeni,
179,Bere,Corona,https://eker.ro/wp-content/uploads/2020/10/px-Corona-1.webp,Alcool,"31kcal/129kj Lipide 0g, glucide 1.4g din care zahar 0g, proteine0.2g",330 ml,,Lipsa Alergeni,https://bergenbier.ro/themes/bergenbier/img/share.jpg
180,Bere,Leffe blonda,https://eker.ro/wp-content/uploads/2020/10/px-Leffe-blonde-1.webp,Alcool,"40kcal/167kj Lipide 0g, glucide 3.2g din care zahar 0g, proteine 0.4g",330 ml,,Lipsa Alergeni,
181,Bere,Leffe bruna,https://lcdn.mediagalaxy.ro/media/catalog/product/b/e/bersgrbsxleffebl033_6_005d2ad8.jpg,Alcool,"40kcal/167kj Lipide 0g, glucide 9.9g din care zahar 0g, proteine1g",330 ml,,Lipsa Alergeni,
182,Bere,Stella Artois,https://encrypted-tbn0.gstatic.com/images?q=tbn:ANd9GcR0CYzZYbFzqnfRbxoNpHJ1dSiXHjHoCl8GCQ&s,Alcool,"40kcal/167kj Lipide 0g, glucide 3.2g din care zahar 0g, proteine 0.4g",500 ml,,Lipsa Alergeni,
183,Bere,Stella Artois (Fara Alcool),https://kundera.ro/wp-content/uploads/2020/04/Untitled-design-4.jpg,Alcool,"40kcal/167kj Lipide 0g, glucide 3.2g din care zahar 0g, proteine 0.4g",500 ml,,Lipsa Alergeni,
184,Bere,Becks,https://b1110921.smushcdn.com/1110921/wp-content/uploads/2018/09/becks-2.jpg?lossy=1&strip=1&webp=1,Alcool,"38kcal/159kj Lipide 0g, glucide 3.4g din care zahar 0g, proteine0g",500 ml,,Lipsa Alergeni,
185,Bere,Staropramen,"https://m.media-amazon.com/images/I/91HuiIauREL._AC_UF350,350_QL80_.jpg",Alcool,"31kcal/129kj Lipide 0g, glucide 1.4g din care zahar 0g, proteine0.2g",500 ml,,Lipsa Alergeni,
186,Bere,Bergenbier,https://bergenbier.ro/themes/bergenbier/img/share.jpg,Alcool,"32kcal/133.7kj Lipide 0g, glucide 7g din care zahar 2g, proteine 0.g",500 ml,,Lipsa Alergeni,
187,Bere,Bergenbier (Fara Alcool),https://magazin.dorsanimpex.ro/userfiles/944eb0c7-a695-44f0-8596-1da751d9458e/products/3087775_big.jpg,Alcool,"22kcal/91kj Lipide 0g, glucide 5g din care zahar 0g, proteine0.g",500 ml,,Lipsa Alergeni,
188,Bere,Bergenbier Draft,https://www.yalco.ro/89246-large_default/pahar-bere-sticla-temperata-pasabahce-draft-460-ml.jpg,Alcool,"22kcal/91kj Lipide 0g, glucide 5g din care zahar 0g, proteine 0.g",500 ml,,Lipsa Alergeni,
189,Bere,Becks Draft,https://www.yalco.ro/89246-large_default/pahar-bere-sticla-temperata-pasabahce-draft-460-ml.jpg,Alcool,"38kcal/159kj Lipide 0g, glucide 3.4g din care zahar 0g, proteine0g",400 ml,,Lipsa Alergeni,
190,Vermouth,Martini alb,https://m.media-amazon.com/images/I/61Su+FwoClL.jpg,Alcool,"160kcal/668kj Lipide 0g, glucide 0,4g din care zahar 0g, proteine0g",100 ml,,Lipsa Alergeni,https://m.media-amazon.com/images/I/61Su+FwoClL.jpg
191,Vermouth,Martini rosu,https://shop.martini.com/cdn/shop/products/Martini_RossoVermouth_2048x2048.jpg?v=1676299853,Alcool,"160kcal/668kj Lipide 0g, glucide 0,4g din care zahar 0g, proteine0g",100 ml,,Lipsa Alergeni,
192,Vermouth,Garrone alb,https://www.bauturaonline.ro/wp-content/uploads/2020/07/Garrone-Alb-1L-2.jpg,Alcool,"160kcal/668kj Lipide 0g, glucide 0,4g din care zahar 0g, proteine0g",100 ml,,Lipsa Alergeni,
193,Vermouth,Garrone rosu,https://www.bauturaonline.ro/wp-content/uploads/2020/07/Garrone-Alb-1L-2.jpg,Alcool,"160kcal/668kj Lipide 0g, glucide 0,4g din care zahar 0g, proteine0g",100 ml,,Lipsa Alergeni,
